1.700988039374351501e-02 8.710221387445926666e-03 5.414191633462905884e-03 1.487109228037297726e-03 8.055824437178671360e-04 1.775535492924973369e-04 9.167067037196829915e-05 1.927720586536452174e-05 9.695770131656900048e-06 1.935573436639970168e-06
6.324360147118568420e-03 3.819962730631232262e-03 2.861658809706568718e-03 1.196728437207639217e-03 7.263944135047495365e-04 1.830843539210036397e-04 9.752278128871694207e-05 2.171672531403601170e-05 1.117960346164181828e-05 2.473072754582972266e-06
1.093707326799631119e-02 6.248929537832736969e-03 3.688974305987358093e-03 1.126592862419784069e-03 7.819631136953830719e-04 3.590992128010839224e-04 2.156217087758705020e-04 5.472397606354206800e-05 2.832723839674144983e-05 5.753888217441271991e-06
1.658523455262184143e-02 8.194572292268276215e-03 4.832263570278882980e-03 1.060556503944098949e-03 5.340420757420361042e-04 1.074298925232142210e-04 5.422851972980424762e-05 1.095078368962276727e-05 5.501444320543669164e-06 1.095780021387326997e-06
3.335132962092757225e-03 1.936227432452142239e-03 1.486571040004491806e-03 7.253470830619335175e-04 4.559939261525869370e-04 1.187022935482673347e-04 6.302339897956699133e-05 1.383025846735108644e-05 7.087795438565080985e-06 1.475840917919413187e-06
8.291211910545825958e-03 5.518644116818904877e-03 3.964710514992475510e-03 1.270312466658651829e-03 6.880066939629614353e-04 1.550514425616711378e-04 8.024475391721352935e-05 1.634953878237865865e-05 8.206224265450146049e-06 1.635541593714151531e-06
6.047288887202739716e-03 3.634769469499588013e-03 2.638839883729815483e-03 9.449945064261555672e-04 5.316262831911444664e-04 1.204905784106813371e-04 6.231629959074780345e-05 1.302149303228361532e-05 6.477636816271115094e-06 1.383083031214482617e-06
6.195579655468463898e-03 4.455280024558305740e-03 3.411923535168170929e-03 1.274633221328258514e-03 7.297433912754058838e-04 1.746339548844844103e-04 9.209016570821404457e-05 1.974297993001528084e-05 1.032358068187022582e-05 2.469621676937094890e-06
2.494500949978828430e-02 1.223734207451343536e-02 9.298996999859809875e-03 3.096899483352899551e-03 1.719827763736248016e-03 4.137493961025029421e-04 2.187554200645536184e-04 4.787653961102478206e-05 2.478805254213511944e-05 5.465778485813643783e-06
1.118619367480278015e-02 6.902100518345832825e-03 4.282206296920776367e-03 1.778898993507027626e-03 1.494603697210550308e-03 5.367461126297712326e-04 2.850888995453715324e-04 5.749400952481664717e-05 2.874508936656638980e-05 5.745548605773365125e-06
1.153427921235561371e-02 6.391992792487144470e-03 5.189035087823867798e-03 3.177165286615490913e-03 2.261081710457801819e-03 5.747074028477072716e-04 2.883650304283946753e-04 5.730330667574889958e-05 2.866897375497501343e-05 5.754891844844678417e-06
1.103600393980741501e-02 5.639197304844856262e-03 4.744400270283222198e-03 2.996185328811407089e-03 2.138655632734298706e-03 5.738992476835846901e-04 2.883081033360213041e-04 5.759369742008857429e-05 2.866044815164059401e-05 5.752929610025603324e-06
7.517892867326736450e-03 5.346512887626886368e-03 4.705108236521482468e-03 3.034720895811915398e-03 2.169990213587880135e-03 5.752061260864138603e-04 2.883992274291813374e-04 5.755264282925054431e-05 2.876652069971896708e-05 5.746773695136653259e-06
