3.819707471524545639e+01 4.814913792713248597e+01 5.298395610074325646e+01 6.506679052258816398e+01 7.049768996109918362e+01 8.348465887562161925e+01 8.916884567981712451e+01 1.025031019436787005e+02 1.083053645423806586e+02
4.249698466463791391e+01 5.145917090978608144e+01 5.603941715096756582e+01 6.722998077810541417e+01 7.236825987319184605e+01 8.485656482177724058e+01 9.038467420972851585e+01 1.033167904821129355e+02 1.088769800970842851e+02
2.701936676947582328e+01 4.054758735901457101e+01 4.688349927172903620e+01 6.112394300705770434e+01 6.655839408655478451e+01 7.863000117124308019e+01 8.408683637908802666e+01 9.742949181314565976e+01 1.033670447065810691e+02
3.924783421080852719e+01 4.948788345818576317e+01 5.453857001336415777e+01 6.715196279060562290e+01 7.273216138191658331e+01 8.593105269849016281e+01 9.168617593554856171e+01 1.050754877497364959e+02 1.108483842779208572e+02
4.785258925323522305e+01 5.647151098933364466e+01 6.089552734343122609e+01 7.165980555277299402e+01 7.662938996459300256e+01 8.888475098788671858e+01 9.439150686696990533e+01 1.071943868148081265e+02 1.127741193058705278e+02
4.182476144602280499e+01 5.153169658722357838e+01 5.598654013303844579e+01 6.760273105109919811e+01 7.292088693405675315e+01 8.564689367327062541e+01 9.122201024749500675e+01 1.044108978858318579e+02 1.101584997650009115e+02
4.418391661741125631e+01 5.367398372519576810e+01 5.828577777312808195e+01 6.977635890052687273e+01 7.506897564400746603e+01 8.779276900642501857e+01 9.339629018861219834e+01 1.065212560688128178e+02 1.121868619270307335e+02
4.192575014127435651e+01 5.192312012005336896e+01 5.650472615537766785e+01 6.796252672397854155e+01 7.318453454876761555e+01 8.572244854487608734e+01 9.115677642034243888e+01 1.030412015208010388e+02 1.075940239105058396e+02
3.047584066395965152e+01 4.259200566017717904e+01 4.800893442229799746e+01 6.034502682638841975e+01 6.531978582390937049e+01 7.883725062306831433e+01 8.457115429430507447e+01 9.821485278919641360e+01 1.040941949675787725e+02
2.664018384743869561e+01 4.116038899681717567e+01 4.748455850182430993e+01 6.027275397867818185e+01 6.527355131151112744e+01 7.761284161297632522e+01 8.342446429937659502e+01 9.730751075957422813e+01 1.033806227449377957e+02
2.592734451211263647e+01 4.162705724966188825e+01 4.745065567661378481e+01 5.904390866470042454e+01 6.420087779176775200e+01 7.736724972599279226e+01 8.334331926406051139e+01 9.729609335437508832e+01 1.033161227333012278e+02
2.597728361322701929e+01 4.165081703904726851e+01 4.760830237817908994e+01 5.919275913657769195e+01 6.430707580111467792e+01 7.737790333194885761e+01 8.334495391099345341e+01 9.729879840551933512e+01 1.033146768916519420e+02
4.222340341671841912e+01 4.560920423317825367e+01 4.811880492816556654e+01 5.871301897452412533e+01 6.404058561050408116e+01 7.743770589829536277e+01 8.338618543479253731e+01 9.730903533522850068e+01 1.033223045540865428e+02
