1.263422425836324692e-02 4.461137577891349792e-03 2.601464511826634407e-03 6.578733446076512337e-04 3.536699805408716202e-04 7.934570021461695433e-05 4.114231705898419023e-05 8.850953236105851829e-06 4.543630893749650568e-06
5.402856506407260895e-03 2.690199529752135277e-03 1.755739562213420868e-03 5.226536886766552925e-04 2.932121569756418467e-04 7.063878729240968823e-05 3.751396798179484904e-05 8.459116543235722929e-06 4.416697265696711838e-06
1.281769946217536926e-02 4.591023083776235580e-03 1.784366089850664139e-03 8.577208500355482101e-04 5.288650863803923130e-04 1.530952431494370103e-04 8.300463377963751554e-05 1.833858004829380661e-05 9.310307177656795830e-06
1.183832436800003052e-02 3.808789188042283058e-03 2.158630639314651489e-03 5.122215370647609234e-04 2.694125287234783173e-04 5.897293885936960578e-05 3.037746500922366977e-05 6.447165105782914907e-06 3.296451041023829021e-06
2.790840808302164078e-03 1.517749275080859661e-03 1.034782268106937408e-03 3.165970847476273775e-04 1.789138186722993851e-04 4.381130565889179707e-05 2.333234806428663433e-05 5.284408416628139094e-06 2.754824663497856818e-06
8.117430843412876129e-03 3.095854073762893677e-03 1.858316711150109768e-03 4.984645638614892960e-04 2.699531323742121458e-04 6.163253419799730182e-05 3.228453715564683080e-05 7.032886969682294875e-06 3.602009201131295413e-06
4.989172331988811493e-03 2.253311453387141228e-03 1.402224181219935417e-03 3.838351112790405750e-04 2.116526738973334432e-04 4.921466097584925592e-05 2.587260678410530090e-05 5.714631697628647089e-06 2.963810629807994701e-06
6.604663096368312836e-03 2.946350257843732834e-03 1.820163801312446594e-03 4.934676690027117729e-04 2.707631501834839582e-04 6.389485497493296862e-05 3.378148539923131466e-05 7.714394996582996100e-06 4.158943283982807770e-06
1.990241184830665588e-02 7.656835019588470459e-03 4.387188702821731567e-03 1.152253709733486176e-03 6.251138402149081230e-04 1.461943611502647400e-04 7.714743696851655841e-05 1.685794632066972554e-05 8.635367521492298692e-06
9.961367584764957428e-03 4.954752977937459946e-03 3.673875471577048302e-03 1.236472162418067455e-03 6.905751070007681847e-04 1.748064387356862426e-04 9.186648094328120351e-05 1.883159529825206846e-05 9.429541933059226722e-06
1.627796329557895660e-02 7.163457106798887253e-03 5.139931570738554001e-03 1.396330888383090496e-03 7.871860289014875889e-04 1.849320979090407491e-04 9.380849951412528753e-05 1.887164034997113049e-05 9.439098903385456651e-06
1.407943107187747955e-02 6.973648443818092346e-03 4.943757317960262299e-03 1.380151603370904922e-03 7.720971480011940002e-04 1.846511731855571270e-04 9.368566679768264294e-05 1.886553400254342705e-05 9.436860636924393475e-06
7.327734958380460739e-03 5.142037756741046906e-03 4.156483802944421768e-03 1.508521963842213154e-03 8.303975919261574745e-04 1.838765165302902460e-04 9.313160262536257505e-05 1.883715231087990105e-05 9.431450962438248098e-06
