3.341607247367808498e+01 3.741488803504403649e+01 4.833971660272332116e+01 5.369142699350783232e+01 6.662050933576144018e+01
4.121294047016797180e+01 4.390070026607146758e+01 5.227470727830055353e+01 5.672416477755849229e+01 6.793371285895901224e+01
3.584868370024285156e+01 4.244303989567811897e+01 5.353950456218954912e+01 5.801697371630467615e+01 6.864703272083387731e+01
3.401202196724501192e+01 3.875708024105592386e+01 5.013779961376346250e+01 5.543773803715103554e+01 6.797081508631434588e+01
4.647185809859202976e+01 4.790887137940509888e+01 5.512343900639685046e+01 5.975073218665433217e+01 7.009383206906227315e+01
3.676458971873388037e+01 3.991941759310223148e+01 5.007866967044815709e+01 5.500674524719765657e+01 6.761103570765543225e+01
4.184907501771999705e+01 4.506403287846556793e+01 5.370848684154879038e+01 5.864617148102219346e+01 7.023355061184525994e+01
3.795425445660701769e+01 4.086237850572717889e+01 5.046326216706244594e+01 5.514956576876662808e+01 6.788373032324915357e+01
2.774647900503043729e+01 3.260197793723536108e+01 4.414925558159751517e+01 4.968362730234026259e+01 6.280075029541105636e+01
3.093512353653145652e+01 3.686437712643156317e+01 4.767342653541339814e+01 5.118918451589287599e+01 6.401073813941091828e+01
3.347732026277798667e+01 3.775621242201552974e+01 4.699078797772795468e+01 5.209939365985797366e+01 6.628598416282927985e+01
3.420282946281097480e+01 3.871998053719242705e+01 4.790586180860248078e+01 5.285418057683655491e+01 6.722062460703671150e+01
4.108207070801270078e+01 4.201586009733575366e+01 4.761915528964239286e+01 5.166890679893344895e+01 6.391685472867368389e+01
