1.179694849997758865e-02 3.658623667433857918e-03 2.089726738631725311e-03 5.156282568350434303e-04 2.750274143181741238e-04 6.181584467412903905e-05 3.216096229152753949e-05 6.886867595312651247e-06 3.509876250973320566e-06
7.039595860987901688e-03 2.425861079245805740e-03 1.454377081245183945e-03 3.978697059210389853e-04 2.183909236919134855e-04 5.178497303859330714e-05 2.747853068285621703e-05 6.171546829136786982e-06 3.243883838877081871e-06
3.216819092631340027e-02 6.344086024910211563e-03 3.168534021824598312e-03 7.140153320506215096e-04 3.982555354014039040e-04 9.822482388699427247e-05 5.160244836588390172e-05 1.086854354070965201e-05 5.463424713525455445e-06
1.048148609697818756e-02 3.140059998258948326e-03 1.747913542203605175e-03 4.099717189092189074e-04 2.154668036382645369e-04 4.768521466758102179e-05 2.474849679856561124e-05 5.338001756172161549e-06 2.763186557785957120e-06
3.897884162142872810e-03 1.418031868524849415e-03 8.751557325012981892e-04 2.540185232646763325e-04 1.430200354661792517e-04 3.505030690575949848e-05 1.870372398116160184e-05 4.307065410102950409e-06 2.284749371028738096e-06
7.410031277686357498e-03 2.518478315323591232e-03 1.492845360189676285e-03 3.899817820638418198e-04 2.133355737896636128e-04 4.993275069864466786e-05 2.628355832712259144e-05 5.783869255537865683e-06 2.976932137244148180e-06
5.667741410434246063e-03 1.918885274790227413e-03 1.129955518990755081e-03 2.987803018186241388e-04 1.629459438845515251e-04 3.791385825024917722e-05 1.997473191295284778e-05 4.486554189497837797e-06 2.328011760255321860e-06
7.056509610265493393e-03 2.372011076658964157e-03 1.405726769007742405e-03 3.764106659218668938e-04 2.066827000817283988e-04 4.934249591315165162e-05 2.637084980960935354e-05 6.371188646880909801e-06 3.385263653399306349e-06
2.293842472136020660e-02 5.905394442379474640e-03 3.239965997636318207e-03 7.959337672218680382e-04 4.485489916987717152e-04 9.220880019711330533e-05 4.749230720335617661e-05 1.002825774776283652e-05 5.082326424599159509e-06
3.439094126224517822e-02 6.637393496930599213e-03 3.400531597435474396e-03 8.546060998924076557e-04 4.707199113909155130e-04 1.074514730134978890e-04 5.449864329420961440e-05 1.097130279958946630e-05 5.285318366077262908e-06
3.431593254208564758e-02 6.682121660560369492e-03 3.765787929296493530e-03 9.600745979696512222e-04 5.160476430319249630e-04 1.090876830858178437e-04 5.474161298479884863e-05 1.096282539947424084e-05 5.484988832904491574e-06
3.353716060519218445e-02 6.519794929772615433e-03 3.687569405883550644e-03 9.456598781980574131e-04 5.117940600030124187e-04 1.091341619030572474e-04 5.465885624289512634e-05 1.096975756809115410e-05 5.487225735123502091e-06
7.561603095382452011e-03 4.913283511996269226e-03 3.543762722983956337e-03 9.832537034526467323e-04 5.196346319280564785e-04 1.084376635844819248e-04 5.456900544231757522e-05 1.095529842132236809e-05 5.488008810061728582e-06
