3.538597480302177445e+01 4.119941612803449971e+01 4.532932753177347962e+01 5.655314262832757777e+01 6.187780014103352499e+01 7.501341283472244470e+01 8.075539185433741807e+01 9.429911829371911836e+01 1.002683537871043740e+02 1.142638069335811792e+02
4.397966813389611929e+01 4.835881748501272881e+01 5.086764295236903877e+01 5.844008777888146255e+01 6.277655009021822252e+01 7.474697536367750672e+01 8.021787842812204872e+01 9.326411323660353503e+01 9.903147201034251168e+01 1.121352621414425244e+02
3.922197757030892973e+01 4.408388744713175811e+01 4.866188739319647993e+01 5.896466009168709377e+01 6.213627465482295520e+01 6.889571093822040382e+01 7.332615033102803181e+01 8.523644711474881319e+01 9.095591524980753206e+01 1.048007715907282034e+02
3.560556764395229123e+01 4.172947418160171651e+01 4.631698771292094818e+01 5.948932376694806834e+01 6.544849049453303280e+01 7.937749717504539149e+01 8.531544500587024515e+01 9.921109599108947918e+01 1.051904655624927187e+02 1.192055324405072270e+02
4.953773694678004347e+01 5.426087262177414772e+01 5.655628663944320778e+01 6.278908262199556134e+01 6.682081884214916556e+01 7.851081779180398712e+01 8.400996356298547596e+01 9.718339406969315064e+01 1.029897765029629682e+02 1.166192090588393029e+02
4.162763969636557704e+01 4.516335223134257149e+01 4.803577034766430387e+01 5.792178879577121364e+01 6.324814672549229044e+01 7.619048377670991101e+01 8.191166700881163365e+01 9.572988988404105726e+01 1.017171323700567598e+02 1.157267681357528630e+02
4.436878568122580901e+01 4.879046256982157814e+01 5.157173921130358707e+01 6.049141432369286520e+01 6.548787112032312052e+01 7.838093821600993749e+01 8.410796686891546869e+01 9.770678434222705278e+01 1.037716681074090985e+02 1.171830349384377712e+02
4.415836110006150506e+01 4.702249988731851715e+01 4.934001420792520065e+01 5.789229532999732442e+01 6.273659658786425553e+01 7.515742621086039321e+01 8.071573491108938470e+01 9.409174591935716592e+01 9.972339287459796253e+01 1.121473914303763024e+02
3.206032652665486182e+01 3.824625799629488654e+01 4.063127784809849885e+01 5.018145780783751064e+01 5.529030088748136507e+01 6.766525254200628581e+01 7.320082355468753121e+01 8.639754493563253845e+01 9.211515183933279616e+01 1.052469594628861529e+02
3.902635331365446092e+01 4.322037440351294180e+01 4.736664828470742350e+01 5.499697421210328230e+01 5.650947895523068354e+01 6.540462184494384701e+01 7.090039384813175616e+01 8.480754806824123193e+01 9.082872673646635064e+01 1.048133699397403689e+02
3.876019079507668863e+01 4.388727446795147102e+01 4.569826785263926183e+01 4.995920382308051444e+01 5.291367485871218435e+01 6.481106417303152512e+01 7.080114813930202899e+01 8.483640632868142006e+01 9.085175705877412611e+01 1.047992566783154871e+02
3.914376306303008590e+01 4.497565420007078529e+01 4.647637356048927870e+01 5.046862653780380015e+01 5.339718280172930065e+01 6.482328689126336485e+01 7.080286301871784360e+01 8.479250079175756127e+01 9.085434046002758635e+01 1.048022187950487876e+02
4.247807734860891316e+01 4.543858763967794800e+01 4.654860763184034056e+01 5.035762489890862525e+01 5.327084449532770805e+01 6.480352994515446596e+01 7.080011814699203399e+01 8.479869457367880159e+01 9.082225325387868509e+01 1.048115180962629580e+02
