3.315935723901927759e+02 1.107516604442692056e+02 7.895844338166379828e+01 4.275464775087037594e+01 3.492429809145696140e+01 2.343679506514843069e+01 2.011328202703265333e+01 1.473629980943017159e+01 1.307261655479557128e+01
1.625725479995448040e+03 3.594252072086319458e+02 2.122565417466166195e+02 8.116606414391716839e+01 6.093377351891323457e+01 3.493242322726685245e+01 2.835700103162769636e+01 1.895294457685182010e+01 1.622773878793071489e+01
3.726476616359232139e+03 6.465294300196544555e+02 2.926526622612685742e+02 6.654887515763765293e+01 3.732616272863207740e+01 1.398662235518216335e+01 1.002851306835595047e+01 5.799128959232065839e+00 4.918873269116130764e+00
3.502479755667012000e+02 1.370756822256704481e+02 1.021108351849431415e+02 6.265185242732071913e+01 5.321945788531419907e+01 3.843466376203100765e+01 3.416417182801892238e+01 2.562840201018934039e+01 2.285166890308332910e+01
6.599788806758183455e+03 1.095338240448650595e+03 5.876718205485328781e+02 2.183396579054239908e+02 1.578918283084258860e+02 8.631918590649388534e+01 7.005558209883722043e+01 4.591376660012231525e+01 3.971211890761491503e+01
1.468320974965127334e+03 2.903069415292789017e+02 1.724111177585175483e+02 8.030709432871299214e+01 6.244766105407904888e+01 3.878124507962952805e+01 3.286021200094374706e+01 2.367923165629121840e+01 2.086890176778380024e+01
1.734424864714860632e+03 4.502395274285919982e+02 2.849384390502431756e+02 1.317738339333435249e+02 1.013250273830886528e+02 6.288331309538706648e+01 5.266359286829625574e+01 3.687435285510738936e+01 3.193158976209369015e+01
1.624325904749528945e+03 3.243299343556212762e+02 2.059146936607102418e+02 8.888146234892373343e+01 6.742001794720877683e+01 3.979570476999276707e+01 3.288492545151824942e+01 2.144086470149706614e+01 1.866117281738922884e+01
5.527610414018020037e+02 1.076158673139402424e+02 6.175393526952505141e+01 2.416975092829970961e+01 1.753132321518857850e+01 9.936126603740515151e+00 8.144122960619990081e+00 5.458244755118032643e+00 4.706151877027498820e+00
3.432062326251844752e+03 7.489290314849764627e+02 2.678050165235695204e+02 4.077731346010184410e+01 2.247355648975632647e+01 8.847684631713358172e+00 6.827194024621319635e+00 4.602999360413238428e+00 4.019588903780126010e+00
2.710688243745086766e+03 2.157087758958385564e+02 9.382711415944979194e+01 1.989470924081391701e+01 1.264937968706952631e+01 6.414025883929735272e+00 5.462084123742423358e+00 3.936520613354000719e+00 3.505171073729941522e+00
3.057169061449098081e+03 2.259059959969457623e+02 9.273212008809551321e+01 2.114364719033701334e+01 1.285483357811078875e+01 6.662245156631048992e+00 5.551273364962638901e+00 3.997899823264842389e+00 3.552632102493151756e+00
1.387809481514377694e+03 1.258995523011920170e+02 6.133245995910351667e+01 1.558405775825822559e+01 1.073563813169836756e+01 6.073651896780229542e+00 5.177558679602417335e+00 3.779276781722087364e+00 3.375810367498480957e+00
