1.245966184477753359e+03 2.519843769686279416e+02 1.611349053654700754e+02 6.973841121951559785e+01 5.342610955344320445e+01 3.187819977430234530e+01 2.656871666456331127e+01 1.850058665360278454e+01 1.607596342846927584e+01
6.669334400426837419e+03 1.108991704742048569e+03 5.581852281861213214e+02 1.691992981613112192e+02 1.143609964959790659e+02 5.592328220454052001e+01 4.331535745998743892e+01 2.649915666433915717e+01 2.216001168275816013e+01
7.155123068116771719e+03 1.673640167364016634e+03 9.255488504683277142e+02 1.891363843553948243e+02 1.022218951121578669e+02 2.962806702342809828e+01 1.928272505013026361e+01 9.091943092800827131e+00 7.196843234258470723e+00
1.339997588004341651e+03 2.806292831044333980e+02 1.865020972160832002e+02 9.249016829511022308e+01 7.409284426128692758e+01 4.925123349714293397e+01 4.232463844177610923e+01 3.106908085852569812e+01 2.730580453139826247e+01
1.616814874696847255e+04 3.969514131470308257e+03 1.814717357771527077e+03 4.783544606553456333e+02 3.204440072163990294e+02 1.475609648126123261e+02 1.117628124888237124e+02 6.671300997092646412e+01 5.490643942721602144e+01
6.119576525304449206e+03 8.927933719020070384e+02 4.809403345420967071e+02 1.537879510216133667e+02 1.089864802271278279e+02 5.905171217486865487e+01 4.777963268929573815e+01 3.147574998056372308e+01 2.719461198591645612e+01
8.429570934839417532e+03 1.295538166554386635e+03 7.260424153979075754e+02 2.489395176547905919e+02 1.772735330615139162e+02 9.551837343672242753e+01 7.690189932310947540e+01 4.970509964381325574e+01 4.205131353585526455e+01
7.264274298997530423e+03 1.039857747460147493e+03 5.630884274066399939e+02 1.730537937717939485e+02 1.217180255875633321e+02 6.209490834170579632e+01 4.893684699894785695e+01 3.056499079840952149e+01 2.566588206065207345e+01
2.049894430436832408e+03 2.891744647380657511e+02 1.492249999626937438e+02 4.775528662961811222e+01 3.253257649547374086e+01 1.561291219063990354e+01 1.214500897819788783e+01 7.488059914064029599e+00 6.287406532200417786e+00
7.243752263672582558e+03 1.540191291758436364e+03 8.717635777177229102e+02 1.395303408726227588e+02 6.874439733161747768e+01 1.873114125284736886e+01 1.220808336265307936e+01 6.379646783200271898e+00 5.331464050950883049e+00
3.815920018316416190e+03 9.291521486643438266e+02 3.441487824016078889e+02 5.764648981876520395e+01 3.201037648364093968e+01 1.130063787580553836e+01 8.253395075331212638e+00 5.168543089006653268e+00 4.483120624950601929e+00
4.007212983370066013e+03 9.389935866738030654e+02 3.629632318246161731e+02 6.125274106016244247e+01 3.329808176410573139e+01 1.156235514536944464e+01 8.443962613173376042e+00 5.278865576010807636e+00 4.531361188275157659e+00
3.488331531028708923e+03 6.695053694330628105e+02 2.556746999657395918e+02 3.869066158322961257e+01 2.336890314080395115e+01 9.581787551456594443e+00 7.454237689400998512e+00 4.887642865800967407e+00 4.225400972594345106e+00
