2.416200138689887922e+02 1.457636704458327586e+02 5.797377034734405044e+01 4.281203120825826858e+01 2.493468981370545023e+01
6.843128130731120109e+02 4.594553616143423369e+02 1.526060535769332773e+02 9.897805161705392152e+01 4.468139484591173982e+01
6.986118582376817585e+02 5.260555304217913317e+02 1.412178058707066270e+02 7.304612570653864623e+01 1.990325822308089343e+01
2.479396217433130687e+02 1.546955514200278117e+02 6.919658611722732644e+01 5.408893410723780448e+01 3.553902753848166185e+01
9.276523900963831011e+02 7.937011873769763497e+02 3.753598762813847998e+02 2.504853152983906455e+02 1.121830827911150976e+02
6.632047379346478237e+02 4.330054039074407797e+02 1.377928615030169794e+02 9.301962155897165019e+01 4.633136656682257382e+01
6.843315449468958604e+02 4.804043082658365051e+02 1.923069526655666834e+02 1.347445580041635935e+02 7.001222413433384872e+01
7.184888741997830266e+02 4.825393148906807141e+02 1.583002353924500198e+02 1.057747737742025862e+02 5.078908461309129052e+01
3.319248654874482440e+02 1.827866185572286497e+02 5.247057712387778849e+01 3.413445767685659860e+01 1.539375216859483686e+01
7.380999830237003607e+02 6.126287286115995130e+02 1.358776883400637985e+02 6.363671074569497677e+01 1.619271140151479571e+01
5.504698259964879981e+02 2.505179458530511738e+02 4.248841022390117672e+01 2.400360438123388462e+01 8.605894194145358611e+00
5.097723356748875858e+02 2.294999196750281101e+02 3.987250368222571240e+01 2.266140015727011559e+01 8.143638141022403687e+00
5.682948313585087590e+02 2.730032541987900458e+02 3.789900067915009174e+01 2.054632683042089170e+01 7.644013403624622782e+00
