1.171572878956794739e-02 3.608408616855740547e-03 2.047718502581119537e-03 5.051764892414212227e-04 2.678286400623619556e-04 5.898474410059861839e-05 3.061445022467523813e-05 6.431557721953140572e-06 3.266276507929433137e-06
6.667747162282466888e-03 2.369123976677656174e-03 1.447281916625797749e-03 3.934482228942215443e-04 2.155441034119576216e-04 5.087320460006594658e-05 2.705061524466145784e-05 5.959134341537719592e-06 3.069419562962139025e-06
2.374246716499328613e-02 5.020498763769865036e-03 2.537833526730537415e-03 6.424737512134015560e-04 3.604603116400539875e-04 8.560567948734387755e-05 4.466858081286773086e-05 9.225239409715868533e-06 4.643958618544274941e-06
1.015866361558437347e-02 3.044372424483299255e-03 1.682030386291444302e-03 4.013566358480602503e-04 2.133227681042626500e-04 4.802499461220577359e-05 2.485982986399903893e-05 5.396828328230185434e-06 2.767471642073360272e-06
3.745948895812034607e-03 1.445594592951238155e-03 9.079772862605750561e-04 2.663267368916422129e-04 1.488704438088461757e-04 3.738186205737292767e-05 2.001955726882442832e-05 4.568393705994822085e-06 2.411734840279677883e-06
8.013920858502388000e-03 2.718091476708650589e-03 1.599507406353950500e-03 4.099550424143671989e-04 2.246205986011773348e-04 5.094859807286411524e-05 2.666613181645516306e-05 5.693887032975908369e-06 2.905159362853737548e-06
5.689455661922693253e-03 1.922271912917494774e-03 1.159259001724421978e-03 3.021780576091259718e-04 1.645839220145717263e-04 3.912893589586019516e-05 2.058861537079792470e-05 4.648288268072064966e-06 2.388161647104425356e-06
7.837318815290927887e-03 2.601596526801586151e-03 1.508165500126779079e-03 3.984509094152599573e-04 2.170180232496932149e-04 5.042836346547119319e-05 2.624182161525823176e-05 5.916230747970985249e-06 3.093084842475946061e-06
2.028128318488597870e-02 5.230769515037536621e-03 2.883070614188909531e-03 7.043048390187323093e-04 3.716385108418762684e-04 7.953398016979917884e-05 4.072934461873956025e-05 8.624515430710744113e-06 4.372845978650730103e-06
2.822083048522472382e-02 5.810550414025783539e-03 3.061825875192880630e-03 7.704300805926322937e-04 4.159936215728521347e-04 9.211045107804238796e-05 4.636550511349923909e-05 9.306671017839107662e-06 4.488665126700652763e-06
2.670383453369140625e-02 6.211400963366031647e-03 3.491688985377550125e-03 8.464639540761709213e-04 4.474428715184330940e-04 9.301404497819021344e-05 4.649811307899653912e-05 9.313019290857482702e-06 4.656444161810213700e-06
2.549922652542591095e-02 6.138931494206190109e-03 3.441962879151105881e-03 8.362996159121394157e-04 4.447565879672765732e-04 9.283562394557520747e-05 4.644697764888405800e-05 9.314114322478417307e-06 4.657058980228612199e-06
7.524095941334962845e-03 4.685843829065561295e-03 3.265424864366650581e-03 8.620434091426432133e-04 4.488841805141419172e-04 9.256596240447834134e-05 4.626685404218733311e-05 9.315807801613118500e-06 4.655571046896511689e-06
