3.838550294180359401e+01 4.795892716931185618e+01 5.311481575320569704e+01 6.643773255640176956e+01 7.201907589883541050e+01 8.540820715651391026e+01 9.143309044436533384e+01 1.050966063711806839e+02 1.108024119368891292e+02
4.334390354070879425e+01 5.173538556144262657e+01 5.629557306844589704e+01 6.733449918236917142e+01 7.283618978032106384e+01 8.598931530652762945e+01 9.195898343347829496e+01 1.050845843815947234e+02 1.112792063015515822e+02
3.585146295185480625e+01 4.692168599489481551e+01 5.292197181914707471e+01 6.505570257900470210e+01 7.038901372615244156e+01 8.322388449171626235e+01 8.890519145599738238e+01 1.027486698280498274e+02 1.088734872240168841e+02
4.060824514678397890e+01 5.046469436601814351e+01 5.484127842901870054e+01 6.743687569996291131e+01 7.279861283613497847e+01 8.649629611239379301e+01 9.250319252103652445e+01 1.061776310413692386e+02 1.121646010983261732e+02
4.792350990088677065e+01 5.523647315744690189e+01 5.851955059932085135e+01 6.983448225839372014e+01 7.444841859629008241e+01 8.722536880631365364e+01 9.316199969091979938e+01 1.066331940620779761e+02 1.127028362048937282e+02
3.913820798450394989e+01 4.987378426254142028e+01 5.477270978873597329e+01 6.683487313652064188e+01 7.283864121516539569e+01 8.629750837770353655e+01 9.206184802625445229e+01 1.057147091763242770e+02 1.116969233896153071e+02
4.481416312243878508e+01 5.343836148459018887e+01 5.911163589158405074e+01 6.941552154346494774e+01 7.494224976097856938e+01 8.749807309794815069e+01 9.266335115906018416e+01 1.066345428637234392e+02 1.126651377240146985e+02
4.029956569414393641e+01 5.056011449712852368e+01 5.497181864732472434e+01 6.742550792153824091e+01 7.321669627842430828e+01 8.643063752772121688e+01 9.227524621057268917e+01 1.054339561288295783e+02 1.112916391485423162e+02
3.377786490064700331e+01 4.601874298770421490e+01 5.149838508598276121e+01 6.459072252877192000e+01 7.014069293263661109e+01 8.374576679527359602e+01 8.960392960887233471e+01 1.032274004937995215e+02 1.093904463262628468e+02
3.311579451870488811e+01 4.636979539328479660e+01 5.128906074339675314e+01 6.376006993087998609e+01 6.924147712576576907e+01 8.284247946303304388e+01 8.878520302934681752e+01 1.027049924747157092e+02 1.092674683143820289e+02
3.315317180968649069e+01 4.524378611974847786e+01 5.027174327567385603e+01 6.301790880300038822e+01 6.897033034973213717e+01 8.281079017625378924e+01 8.878635343595611573e+01 1.027208830497458791e+02 1.088576344292299893e+02
3.356124084974189259e+01 4.508500504767937400e+01 5.041937401523628637e+01 6.321879628223156544e+01 6.894571986416421794e+01 8.272765836139471674e+01 8.868831314850450553e+01 1.027634302752541231e+02 1.088099254302306775e+02
4.169816068005641796e+01 4.650409899489883969e+01 5.078374339731873022e+01 6.317903954686929779e+01 6.890722978027524448e+01 8.288811327414651942e+01 8.874267211933133126e+01 1.026708016121855991e+02 1.087617924967342731e+02
