3.856460633016004635e+01 4.873364521044478437e+01 5.359821000661430901e+01 6.575326581972888107e+01 7.121248028385235784e+01 8.417800384043637507e+01 8.985341930316820935e+01 1.032395653307912085e+02 1.090941639069618248e+02
4.304904545460348686e+01 5.230268146629290982e+01 5.674645955767832817e+01 6.800518254163564791e+01 7.321530829667450746e+01 8.571592491057899110e+01 9.122012986702986836e+01 1.041921194254469043e+02 1.097786941190446299e+02
2.985146724500772564e+01 4.395261873357415539e+01 4.998283250638245789e+01 6.292584925037314036e+01 6.799676358347683447e+01 8.015557482374643428e+01 8.574659384087928515e+01 9.927657300900612825e+01 1.052507007432469521e+02
3.959154274788289030e+01 5.006124107252395561e+01 5.514960105728754058e+01 6.774492202391233775e+01 7.333239261746702198e+01 8.643232515867794064e+01 9.212902349171044136e+01 1.054524257533615526e+02 1.111717958501181869e+02
4.818342142899424374e+01 5.696628017616249906e+01 6.115829316245768865e+01 7.190269226143426806e+01 7.689206237197150529e+01 8.910616349865728125e+01 9.456143830407981454e+01 1.073163706537609272e+02 1.128232286711741637e+02
4.260359917726114531e+01 5.197723568330705035e+01 5.651970354669985142e+01 6.817911360992873426e+01 7.341873439477376451e+01 8.603229017685988822e+01 9.160631678740331552e+01 1.047556306567332172e+02 1.105246213101311383e+02
4.493179945142509268e+01 5.433901979674392635e+01 5.893877304603223877e+01 7.049296076721795146e+01 7.575912891391618587e+01 8.842404035919921057e+01 9.399038081550500578e+01 1.069617416477161100e+02 1.126602966024267261e+02
4.302820125328917555e+01 5.249766574527325247e+01 5.704198169789866313e+01 6.848676157921110530e+01 7.369391747020937089e+01 8.613557772364094944e+01 9.157751749387172424e+01 1.039155907108329586e+02 1.094081500328858851e+02
3.278872820499092455e+01 4.457502178005184135e+01 4.978919095090730451e+01 6.198246140220228284e+01 6.696380230490890995e+01 8.070455257791557813e+01 8.646753463263976869e+01 9.997549024538814422e+01 1.058787488957110412e+02
2.927111875200699131e+01 4.356004869016108216e+01 4.936906370747136918e+01 6.136468023318107612e+01 6.654474861409715913e+01 7.937575253090557226e+01 8.527228618095237778e+01 9.919483597160841271e+01 1.055385769487157859e+02
2.929008389153267444e+01 4.350171242960265516e+01 4.848288281931112920e+01 6.035390041779399439e+01 6.574620402362999982e+01 7.924448564264837103e+01 8.523364820133230069e+01 9.920155005340976118e+01 1.052164850456975103e+02
2.948947418683276922e+01 4.371532128250508720e+01 4.866519593656811082e+01 6.048530073036283028e+01 6.581809517878068050e+01 7.924078564750649889e+01 8.524678920646992708e+01 9.919605940475675254e+01 1.052129434660183591e+02
4.242772244533864523e+01 4.617256349954237749e+01 4.901070729071400933e+01 6.014668818265580796e+01 6.568603824689770931e+01 7.929639696740430566e+01 8.526107922921136151e+01 9.920751575600731087e+01 1.052117040023011612e+02
