2.134009636938571930e-02 1.346652675420045853e-02 3.828372340649366379e-03 2.067419700324535370e-03 4.666320164687931538e-04
8.696669712662696838e-03 6.382120307534933090e-03 2.433686517179012299e-03 1.458114944398403168e-03 4.011569835711270571e-04
1.612745411694049835e-02 7.548280060291290283e-03 2.103898441419005394e-03 1.256467658095061779e-03 3.695288614835590124e-04
1.992502622306346893e-02 1.153841055929660797e-02 3.112504724413156509e-03 1.690881210379302502e-03 3.994470753241330385e-04
4.746867343783378601e-03 4.023059271275997162e-03 1.753186224959790707e-03 1.029113773256540298e-03 3.128300013486295938e-04
1.451344508677721024e-02 1.009320560842752457e-02 3.133765654638409615e-03 1.776898978278040886e-03 4.163400735706090927e-04
8.082509972155094147e-03 5.582109559327363968e-03 2.063363092020153999e-03 1.168668735772371292e-03 3.078381705563515425e-04
1.265573222190141678e-02 9.054846130311489105e-03 2.998036332428455353e-03 1.747920643538236618e-03 4.034720768686383963e-04
4.098982363939285278e-02 2.343695051968097687e-02 6.202077958732843399e-03 3.279583062976598740e-03 7.243733853101730347e-04
2.839512750506401062e-02 1.434766221791505814e-02 4.133602138608694077e-03 2.757660346105694771e-03 6.301777902990579605e-04
2.119014784693717957e-02 1.294760312885046005e-02 4.471575841307640076e-03 2.483306452631950378e-03 4.849542747251689434e-04
1.949209533631801605e-02 1.158779952675104141e-02 4.024453461170196533e-03 2.276622224599123001e-03 4.354805569164454937e-04
8.828694000840187073e-03 7.928791455924510956e-03 4.159510601311922073e-03 2.609484130516648293e-03 6.370261544361710548e-04
