4.337017236140249565e+01 4.741777677303594629e+01 6.190577280587668696e+01 6.721239713874950894e+01 7.819283755743433062e+01 8.379035528507441200e+01 9.518582952452629797e+01 1.009677727209297586e+02 1.186197384144574016e+02
5.351525380091651130e+01 5.737403622305296835e+01 6.587778431275972935e+01 7.043013930622241503e+01 8.009090706565328333e+01 8.515753922728031000e+01 1.011014946402373340e+02 1.065098907249413429e+02 1.176712866057888931e+02
4.655355452879020106e+01 5.110182305158032534e+01 6.033978188686837285e+01 6.484099294692050819e+01 7.415067848422509655e+01 7.899877343916367067e+01 9.455403489352109148e+01 9.999109226740893064e+01 1.111138957027964977e+02
4.392077917706193091e+01 4.808396918563855138e+01 6.317143834383227130e+01 6.874063435683507350e+01 8.026461384499681628e+01 8.612931043988426438e+01 9.792769818145293925e+01 1.038596856618128328e+02 1.217445477495681985e+02
5.811838696098371315e+01 6.181947999656146919e+01 7.004527618141641199e+01 7.449521090528490674e+01 8.401903738016720524e+01 8.906090106271891216e+01 1.049684098429596588e+02 1.104566622228268358e+02 1.214124568904720860e+02
5.173383941630196148e+01 5.554984569795645655e+01 6.418221883428265073e+01 6.893368464923602801e+01 7.907174327038245565e+01 8.438713190691900934e+01 1.011612084100315201e+02 1.069475210262071698e+02 1.187141309108143616e+02
5.402337437253159180e+01 5.800786042623971639e+01 6.674175690387974669e+01 7.144288893717450151e+01 8.133031921503174999e+01 8.651649319150024553e+01 1.028483666581897893e+02 1.084389526334908425e+02 1.196319955451019723e+02
5.224551425684114747e+01 5.609595059397329919e+01 6.474804627539610635e+01 6.948348879247075160e+01 7.953976034565856423e+01 8.477088436140219585e+01 1.008446256764990494e+02 1.063198392409742610e+02 1.170845719201723512e+02
4.283918292116759119e+01 4.690418708446173923e+01 5.576860562621612871e+01 6.052990062936419235e+01 7.595152752683554809e+01 8.135707912838546463e+01 9.242028817173797961e+01 9.802046386073968165e+01 1.093488450115416555e+02
4.560189642738859561e+01 5.106632892307545291e+01 5.914130347114728892e+01 6.310220147371612143e+01 7.191395896540095123e+01 7.679522286129675024e+01 9.285515293966538763e+01 9.854814468018059870e+01 1.102313047765279919e+02
4.364540365946115230e+01 4.762874546823390176e+01 5.576995629243297969e+01 6.010945903394880219e+01 7.474648866498367283e+01 8.010162031423689655e+01 9.133613756930751038e+01 9.713801203231648174e+01 1.089604956943311720e+02
4.373159951547960134e+01 4.772534539977111478e+01 5.599751268232252244e+01 6.029345152028697186e+01 7.488590645273126256e+01 8.023550535391576943e+01 9.146054802730250799e+01 9.725814029213593415e+01 1.090727908819357737e+02
4.487031622060464997e+01 4.704089676630725592e+01 5.792075087182239201e+01 6.249279732484980343e+01 7.244724925626567824e+01 7.771225569532533939e+01 8.871322932786547710e+01 9.442463982194254868e+01 1.120830343278921646e+02
