3.796902837231679229e+01 4.701108766519355697e+01 5.169564188409992056e+01 6.363715419558047870e+01 6.902803602953109419e+01 8.200953205837453197e+01 8.771422506585727774e+01 1.010601990766941327e+02 1.068519391239279059e+02
4.534753133329182617e+01 5.140431015120316260e+01 5.511079809527282691e+01 6.563571960367835345e+01 7.065636054433002755e+01 8.301913530433327537e+01 8.851613993188486518e+01 1.014534998324405990e+02 1.070980473525871304e+02
3.784379831153616180e+01 4.676181047170446448e+01 5.497032077396005434e+01 6.133308065363347339e+01 6.553310204940372330e+01 7.630076606272255901e+01 8.161795324434514498e+01 9.473268589356480618e+01 1.006207197995771452e+02
3.853419529217842410e+01 4.838426128715190799e+01 5.331643325827683810e+01 6.581084329940019018e+01 7.139164423544161764e+01 8.458694458074896261e+01 9.034896941423147609e+01 1.038126241555349907e+02 1.096390674005052972e+02
5.108529870589691768e+01 5.637599931772102479e+01 5.970302043809888204e+01 6.998986176950154459e+01 7.494712229526422220e+01 8.716827607681429413e+01 9.264083107063203215e+01 1.055400724879427230e+02 1.111981207500268169e+02
4.181162805330528442e+01 5.018439036839490086e+01 5.461760535277569062e+01 6.604731421009302039e+01 7.137423257741704674e+01 8.420379949283771737e+01 8.982010870874310626e+01 1.030573272474598099e+02 1.088691036426814804e+02
4.603942989500189498e+01 5.294357551626493574e+01 5.706365095586710368e+01 6.831710601476837041e+01 7.348752481060577679e+01 8.615811004529120964e+01 9.174319623825684289e+01 1.048602350843479201e+02 1.105629909737514538e+02
4.360298661661325070e+01 5.061431252253028390e+01 5.479779053914377585e+01 6.613482592305533103e+01 7.134820883525792112e+01 8.389068222523773954e+01 8.942642516131171249e+01 1.022539625584414722e+02 1.076203400424308398e+02
3.402188581960374592e+01 4.231901420936652158e+01 4.715627370427998954e+01 5.876903769940511779e+01 6.408081771151607597e+01 7.670138756378098321e+01 8.225356995427723916e+01 9.546390666768391497e+01 1.012743834823485543e+02
4.003362067380555800e+01 4.609955985280877400e+01 4.869751136955080995e+01 5.815631313549668846e+01 6.321578161231892068e+01 7.514885149628867111e+01 8.073685838963569950e+01 9.450225775274063267e+01 1.005101880769110778e+02
3.576799870248099467e+01 4.289754670452148133e+01 4.578085325685896834e+01 5.710023309599190355e+01 6.207845244866930301e+01 7.465975407157506538e+01 8.055515621219402078e+01 9.448380697393638172e+01 1.005013892665096193e+02
3.702829788020803647e+01 4.313079900200052208e+01 4.611885712593145570e+01 5.720146411413252707e+01 6.224656103508749538e+01 7.467295857408132065e+01 8.056653695638024715e+01 9.448661794541064296e+01 1.005034491708563138e+02
4.270060494672357976e+01 4.577729477523971013e+01 4.762547815049575917e+01 5.642896724367402328e+01 6.161427837812762220e+01 7.470947464770614488e+01 8.061805847126494484e+01 9.449969501297272245e+01 1.005084297793866028e+02
