1.314267690043107905e+03 2.741844383880148257e+02 1.611645102855190430e+02 7.021456165751303047e+01 5.393018952686505685e+01 3.279407843884445128e+01 2.745800641144449727e+01 1.940173583450163974e+01 1.692850550413427868e+01
8.954956568460642302e+03 9.694149580728030742e+02 5.562508691419830029e+02 1.556710981039260275e+02 1.059492630169264515e+02 5.278030830033684140e+01 4.172325382967316187e+01 2.601578637917488379e+01 2.178134837001457669e+01
6.743088334457181190e+03 6.907603890362511265e+02 3.888055117069339417e+02 9.748032846971480581e+01 5.540052641580200543e+01 1.813018341943961786e+01 1.248466259200572104e+01 6.615915099813980405e+00 5.377160200174467164e+00
1.365262266881467895e+03 3.100650206348271354e+02 1.880409703666234691e+02 9.632333818160802252e+01 7.728966776263415284e+01 5.209543466867824435e+01 4.520934639943723710e+01 3.382550571667959360e+01 3.007854410221411001e+01
3.053435114503816658e+04 3.435717721432007238e+03 1.715412985676301560e+03 4.483922894461906594e+02 2.955239935930397905e+02 1.387857633563949094e+02 1.069129942053157123e+02 6.519899384912692142e+01 5.445496030233393725e+01
5.857544517338331389e+03 8.383072899201931705e+02 4.599900642146129712e+02 1.446234078770585256e+02 1.043723672070372004e+02 5.686900849452379703e+01 4.642055725093746332e+01 3.134953477290396862e+01 2.718047919728434536e+01
8.843296781039971393e+03 1.219839469125862934e+03 6.839290355232741376e+02 2.332187451898633697e+02 1.688587344713286313e+02 9.360473714853760896e+01 7.575946974431936098e+01 4.996891933217538906e+01 4.270810377727553231e+01
9.169264624977076892e+03 9.707512644035218727e+02 4.974406677643523835e+02 1.625545776994625840e+02 1.144515709622630339e+02 5.928764706300854215e+01 4.738626821765081587e+01 3.015764304750220859e+01 2.533352215251844441e+01
1.156243134806387161e+03 2.227171492204899721e+02 1.160925118008038197e+02 3.721064537027010743e+01 2.527673602518776264e+01 1.276792370705939739e+01 1.016499101872218525e+01 6.538518675055499330e+00 5.542497738799484708e+00
4.618084418583172010e+03 6.325070682664878632e+02 3.627933637837896867e+02 8.308138902112676760e+01 4.203830277919423253e+01 1.196353848449004964e+01 8.307796551367189863e+00 4.977095406937274369e+00 4.279693368529531305e+00
1.944503859840161795e+03 2.902673362166555648e+02 1.565173022051722569e+02 3.618081143429419910e+01 2.040946697207392901e+01 8.125535625151490748e+00 6.435631776318033737e+00 4.377037292007565306e+00 3.863276034124626168e+00
2.076800066457602043e+03 2.858016593644342720e+02 1.611343860779890349e+02 3.559589123746624040e+01 2.044390254473432478e+01 8.236648804120960676e+00 6.537357303381951645e+00 4.420643503349366732e+00 3.898545043497041895e+00
1.517680983457277216e+04 7.549049952063533055e+02 2.364189154045836858e+02 3.802126681538051400e+01 2.181519908550685471e+01 8.821417979425984157e+00 6.969604231720662568e+00 4.683183568244943196e+00 4.080081888875542795e+00
