5.782853838369235291e+02 1.529795833448067981e+02 1.040037274935933738e+02 5.198018515341951939e+01 4.085639915394568789e+01 2.643842200691946331e+01 2.250464552145176711e+01 1.634392855741948836e+01 1.444357012699942366e+01
3.447800303406426792e+03 5.544927777315700723e+02 3.050231207525530408e+02 1.069906629248465464e+02 7.692899453804139398e+01 4.166277814070686958e+01 3.335584853109182291e+01 2.151997290205012092e+01 1.834775864697756376e+01
5.231493591420350640e+03 1.146407731373740489e+03 5.053542280461489327e+02 1.037949509984036354e+02 5.874315495386900210e+01 1.898004646694975861e+01 1.298207811134650491e+01 6.832998709998173936e+00 5.642024915971912691e+00
6.004202942059441739e+02 1.758285039104259226e+02 1.286238152138821249e+02 7.303988342834604452e+01 6.040387237144999233e+01 4.300535158595135243e+01 3.721736204826496675e+01 2.855852827622722501e+01 2.506761990469290780e+01
1.432664756446991487e+04 1.857010213556174449e+03 9.282982436597229707e+02 2.980972452833563580e+02 2.049591926247484253e+02 1.056120110427918775e+02 8.318823917949775648e+01 5.199167093431632480e+01 4.487627386912911476e+01
2.866808095866062558e+03 4.453470143936154955e+02 2.520644074974037494e+02 1.014916223740311381e+02 7.694367415277319822e+01 4.510091329349419453e+01 3.710778922181997075e+01 2.635335687742236743e+01 2.315664427805108971e+01
3.524601720005639436e+03 6.887858771343752551e+02 4.082682485700404413e+02 1.664660750462359431e+02 1.265776319603457551e+02 7.350719745723903031e+01 6.130016422313995150e+01 4.144055662955664587e+01 3.589580309859751850e+01
4.017839206074972935e+03 5.313580981630950646e+02 3.050389382204638196e+02 1.156841037316221303e+02 8.525578012875327261e+01 4.713930418615876761e+01 3.822407872325461398e+01 2.510301020236540737e+01 2.080585659896232897e+01
1.231193518997316005e+03 1.652592090694253955e+02 9.305138762881801995e+01 3.201686392256529246e+01 2.279814906387380091e+01 1.188236647309499538e+01 9.585805033161133082e+00 6.182296893927488490e+00 5.285155267291442804e+00
4.019292604501607912e+03 1.401345291479820617e+03 5.635930182096903991e+02 7.086248143402985988e+01 3.592266281767308556e+01 1.132130882028452490e+01 8.228439923995546579e+00 5.135279172776365364e+00 4.397846620789210625e+00
5.491789774287440196e+03 4.793725971448567975e+02 1.728297764965330430e+02 3.175992545310297643e+01 1.791212668888964643e+01 7.669865077102469009e+00 6.307342415149530090e+00 4.350798628245402533e+00 3.831612288041913672e+00
6.257430698955008666e+03 4.946797196155349070e+02 1.808243056798722534e+02 3.289092841881466711e+01 1.897446075531256326e+01 7.992555414185011919e+00 6.416567680415917074e+00 4.435053366775409955e+00 3.877580893607905033e+00
3.836120914531225935e+03 2.651788366074080159e+02 1.075689839894324251e+02 2.343835513373808155e+01 1.424154312246687404e+01 7.164277308541494804e+00 5.935116123514514896e+00 4.190251146054639442e+00 3.704007706706594849e+00
