4.920533385819022669e+02 1.353755181497957096e+02 9.318822063615870377e+01 4.794137345323151322e+01 3.836254833201557801e+01 2.516182196752867029e+01 2.143008071854203322e+01 1.576501550725750356e+01 1.383872926145331306e+01
2.574665293511843629e+03 4.475574551883098025e+02 2.580059238160108066e+02 9.630571285488655064e+01 6.976147157638601470e+01 3.821144455691346309e+01 3.124886722856296473e+01 2.043925178439777923e+01 1.746760283701818395e+01
4.830217842824711624e+03 9.527802126605434978e+02 4.276428327061238406e+02 8.859875749102494069e+01 4.995581408244407839e+01 1.672604971851730937e+01 1.178372203708030952e+01 6.384644572263609597e+00 5.351988509922907866e+00
4.795036178547966870e+02 1.593943016537158712e+02 1.170276384173650257e+02 6.843034475207686285e+01 5.733797006384583028e+01 4.102550637782522358e+01 3.617185973999666970e+01 2.742240624484972855e+01 2.411874332664520537e+01
1.095890410958904067e+04 1.463357527511121589e+03 7.377405956517569621e+02 2.611470623566955283e+02 1.838711872010944148e+02 9.663021452873927331e+01 7.710326131374705483e+01 5.032006074637732951e+01 4.265207169642643947e+01
1.948102548118132972e+03 3.633800155526646449e+02 2.253815709997024896e+02 9.142213531024559359e+01 7.033090691704470032e+01 4.256056261658934403e+01 3.562397892770398755e+01 2.473901575331045066e+01 2.221151627137941631e+01
2.694401034649997200e+03 6.131471001207900144e+02 3.713055101737709833e+02 1.508689296000313789e+02 1.154471788750134209e+02 6.936866880830869775e+01 5.710392857897444685e+01 3.961850548696492069e+01 3.425813159576090072e+01
2.755124531628829573e+03 4.331104258341706554e+02 2.581031483422034967e+02 1.043134661382841841e+02 7.679777839386662208e+01 4.382585708037399286e+01 3.557570563522735085e+01 2.384053353206802228e+01 2.023863782633791430e+01
8.962018963632126543e+02 1.425890753953995045e+02 7.853362024282594689e+01 2.831692414773845456e+01 2.037281850406060713e+01 1.108712842043455282e+01 8.981223046788310072e+00 5.898296035360048428e+00 5.021637987004101689e+00
4.206275763439050934e+03 1.156697858952263005e+03 4.581166823189866477e+02 5.711997651226565864e+01 2.957629590019301347e+01 9.873761003442684370e+00 7.592209664032575134e+00 4.904726906032053968e+00 4.253918795072396897e+00
5.142974696564492660e+03 3.394225743165726499e+02 1.339182884171393937e+02 2.642902393121687865e+01 1.560421226347525092e+01 7.221072707681300606e+00 5.941529173740057068e+00 4.187232783888834575e+00 3.701901837261285522e+00
5.256241787122207825e+03 3.529079616036137850e+02 1.404287289093602737e+02 2.774475381386321970e+01 1.625930337014710503e+01 7.458043656702670887e+00 6.092042476644327742e+00 4.205266457036937133e+00 3.746863828140048813e+00
2.584046099382413104e+03 1.895633975826875428e+02 8.473168863476914225e+01 1.978631961989688648e+01 1.276471791122240873e+01 6.703723060083324192e+00 5.614068496351473314e+00 4.008717678160341968e+00 3.569025597479868139e+00
