3.239097198828742421e+02 2.167204133291722883e+02 7.849786485807585734e+01 6.023428728381914254e+01 3.878963913222922599e+01 3.224075850898098849e+01 2.348577795230320220e+01 2.048428118199218773e+01 1.454547147109407490e+01
5.727901755029097330e+02 4.156552389186313121e+02 2.080213013812614520e+02 1.483996580871877597e+02 8.152138468963178752e+01 6.295611706815881092e+01 3.272748218315869906e+01 2.659970633924201522e+01 1.900868925203088722e+01
1.065008094061514896e+02 8.810696890881281718e+01 5.723862554033262739e+01 4.474433089327582280e+01 2.576007682685312972e+01 1.934008534392860668e+01 9.081378596861620522e+00 7.443223094237159110e+00 5.333344711135383776e+00
3.914445871042495355e+02 2.628645931907555564e+02 1.014495106075608248e+02 8.028259473346179220e+01 5.521079481460215277e+01 4.740163213299760514e+01 3.663637083041463427e+01 3.279686409504268596e+01 2.480188256209399356e+01
1.117668097281831251e+03 9.116102683780629832e+02 5.365497703566983319e+02 3.979244261929774211e+02 2.225387217375823354e+02 1.708046950794583552e+02 8.770083491194836256e+01 7.234968629176023569e+01 4.824932161453809698e+01
5.507093135959115671e+02 3.872966692486444344e+02 1.902240077915753602e+02 1.382636300286482367e+02 8.018526002476120595e+01 6.372933894831295731e+01 3.664464079457307832e+01 3.161827384460503865e+01 2.457123200157255738e+01
8.191886755357494394e+02 6.148548942449582455e+02 3.284719484955984967e+02 2.424595092619532579e+02 1.416719557530147711e+02 1.123484419518070183e+02 6.337456905293043974e+01 5.334744551091915810e+01 3.802512700392419021e+01
5.997792812245094183e+02 4.291992858123883821e+02 2.137848469300496106e+02 1.552486462318048552e+02 8.868393047179850441e+01 6.946991674725177290e+01 3.516204074858578110e+01 2.925865588075576440e+01 2.088638475059985566e+01
1.165001491201908692e+02 8.760372280780444498e+01 4.633353472976429543e+01 3.451122443063381695e+01 1.635945786065406438e+01 1.322138522039520225e+01 9.107826464574927172e+00 7.734028612193531771e+00 5.785563861053898194e+00
6.869717187482825693e+01 5.852854554223186057e+01 4.151899743246519847e+01 3.310170963709934000e+01 1.895789224637373493e+01 1.439841686526883002e+01 7.186080389818990888e+00 5.989366717903702231e+00 4.422956346482370016e+00
9.636065093546919513e+01 7.714573137239170819e+01 4.382351394464213712e+01 3.136550346651544174e+01 1.248531726689413190e+01 9.707410870436351757e+00 6.408136795777807038e+00 5.406174543318811310e+00 4.076639518421681707e+00
9.383398141336496678e+01 7.556933940306267061e+01 4.390185652170858788e+01 3.169893618370167587e+01 1.267089232478436678e+01 9.840954430870050729e+00 6.477559918724760557e+00 5.457919441109049252e+00 4.107531899092728089e+00
1.989495463950342184e+02 1.391827190735998272e+02 3.694191843815479359e+01 2.427486134199201473e+01 1.247716678478384544e+01 9.626707103970746360e+00 6.363185155961668116e+00 5.380467954363301608e+00 3.618468664061369022e+00
