3.788151419988560065e+02 1.215310481445247177e+02 8.500553386025430314e+01 4.553290344201430173e+01 3.612016021458264703e+01 2.401011113800243635e+01 2.072522967181391707e+01 1.525702906586093199e+01 1.345906613462081047e+01
2.010858636637844256e+03 4.060303629505414165e+02 2.225005951890921381e+02 8.787392552157568559e+01 6.472160970409927927e+01 3.658217160550371716e+01 2.961105582068966058e+01 1.962037709579962907e+01 1.676310480863071817e+01
4.268761205498164600e+03 7.589960000910795088e+02 3.481033588493095294e+02 8.080866850748813590e+01 4.521331188413817870e+01 1.521419070166478171e+01 1.069293650277674246e+01 6.166531372968343305e+00 5.116101743301436855e+00
4.027078072962600572e+02 1.456876456876456984e+02 1.086650605970710473e+02 6.563548937164520680e+01 5.527958757005306012e+01 3.950865456832646316e+01 3.497552762332195897e+01 2.656654268061197754e+01 2.343266518212922023e+01
8.174609662388620563e+03 1.191525868026594935e+03 6.651324278663881842e+02 2.364865663805967415e+02 1.691414885465840996e+02 9.046188026827374529e+01 7.318586868698696435e+01 4.756145296433889769e+01 4.066804585566178787e+01
1.727921483247801234e+03 3.123838322623774388e+02 1.908961620326623461e+02 8.585666058801510303e+01 6.585667348722282100e+01 4.057858570643665530e+01 3.416305136175630963e+01 2.435659615594456895e+01 2.149538214705334838e+01
2.154986639082837883e+03 4.962335870741075041e+02 3.144090524654386059e+02 1.395206071936825083e+02 1.076605892264048379e+02 6.585220657573793801e+01 5.492519737369676136e+01 3.792294512625686309e+01 3.297742991719037775e+01
2.013977000382655660e+03 3.943124374029005708e+02 2.264159487394292114e+02 9.580764889945753282e+01 7.235387411583565154e+01 4.148676966172102709e+01 3.400370504370156510e+01 2.283156628426076296e+01 1.927894434670019663e+01
6.799298312414158545e+02 1.211765760831368226e+02 6.893029148552361107e+01 2.658542161820144401e+01 1.881652346665091002e+01 1.043351679629267892e+01 8.417062766626244752e+00 5.661971363673912627e+00 4.840910964561675911e+00
4.057947490159477184e+03 9.553105714667838129e+02 3.372840538845004517e+02 4.960356828228795223e+01 2.510403110489869860e+01 9.253344829688948892e+00 7.180725725790057190e+00 4.728141329818117633e+00 4.123934287746442884e+00
3.845858010922236645e+03 2.488063515285418248e+02 1.078659054210168051e+02 2.219505547432165216e+01 1.390804142092896001e+01 6.825042692348301188e+00 5.625624584969545872e+00 4.050794532966682127e+00 3.582805899519850179e+00
3.971248163297724659e+03 2.794693436103526665e+02 1.134993905082729668e+02 2.399902467963702080e+01 1.472833222993577706e+01 7.074769060082264360e+00 5.796592693255791851e+00 4.116768685683722673e+00 3.644737121694966220e+00
1.889180662346740291e+03 1.579085330613095550e+02 7.186954240662349491e+01 1.716229957652025817e+01 1.168018122034767003e+01 6.359710976574958430e+00 5.350231504517200420e+00 3.890036449641533167e+00 3.467620641469594478e+00
