1.196123473346233368e-02 3.928097896277904510e-03 2.257651649415493011e-03 5.611035157926380634e-04 2.990563225466758013e-04 6.690350710414350033e-05 3.479066799627617002e-05 7.491188625863287598e-06 3.847734660666901618e-06
5.893356166779994965e-03 2.532493555918335915e-03 1.567752915434539318e-03 4.353612603154033422e-04 2.413632028037682176e-04 5.716420855605974793e-05 3.028753599210176617e-05 6.785098321415716782e-06 3.544381343090208247e-06
1.218274608254432678e-02 3.431566990911960602e-03 2.663512947037816048e-03 7.976136985234916210e-04 4.706077452283352613e-04 1.165991052403114736e-04 6.244023825274780393e-05 1.344545944448327646e-05 6.786805897718295455e-06
1.104714907705783844e-02 3.373407293111085892e-03 1.882031094282865524e-03 4.393997660372406244e-04 2.304996305610984564e-04 5.039406823925673962e-05 2.603740904305595905e-05 5.569795121118659154e-06 2.863538156816503033e-06
3.006758401170372963e-03 1.431442797183990479e-03 9.040634031407535076e-04 2.613176475279033184e-04 1.469911949243396521e-04 3.593419751268811524e-05 1.906904981296975166e-05 4.362760137155419216e-06 2.289827989443438128e-06
7.456876337528228760e-03 2.686092164367437363e-03 1.603322452865540981e-03 4.184326680842787027e-04 2.264946670038625598e-04 5.223357220529578626e-05 2.748134829744230956e-05 6.012242920405697078e-06 3.105104497080901638e-06
5.365258082747459412e-03 2.052187686786055565e-03 1.227719592861831188e-03 3.242485108785331249e-04 1.763968029990792274e-04 4.063205415150150657e-05 2.133163070539012551e-05 4.696726136899087578e-06 2.434420821373350918e-06
6.790822371840476990e-03 2.584501402452588081e-03 1.510501489974558353e-03 4.012954013887792826e-04 2.192851097788661718e-04 5.163323294254951179e-05 2.743692675721831620e-05 6.403271527233300731e-06 3.545989102349267341e-06
2.164701744914054871e-02 6.435625720769166946e-03 3.686113050207495689e-03 9.054240072146058083e-04 4.829804529435932636e-04 1.128884905483573675e-04 5.829422661918215454e-05 1.222107857756782323e-05 6.263169325393391773e-06
1.593805290758609772e-02 6.706733256578445435e-03 3.703243099153041840e-03 9.685253608040511608e-04 5.451875622384250164e-04 1.316652487730607390e-04 6.748252053512260318e-05 1.364332911180099472e-05 6.823562671343097463e-06
1.868870295584201813e-02 7.533758413046598434e-03 4.228543024510145187e-03 1.116032130084931850e-03 6.166510283946990967e-04 1.353708357783034444e-04 6.809097249060869217e-05 1.365150274068582803e-05 6.828201549069490284e-06
1.809380203485488892e-02 7.545266300439834595e-03 4.182670731097459793e-03 1.097392290830612183e-03 6.088304799050092697e-04 1.352025574306026101e-04 6.803244468756020069e-05 1.365186835755594075e-05 6.826501248724525794e-06
7.434508297592401505e-03 5.092676728963851929e-03 3.856379305943846703e-03 1.161909662187099457e-03 6.286095012910664082e-04 1.343010662822052836e-04 6.771195330657064915e-05 1.363248611596645787e-05 6.822670457040658221e-06
