1.181973051279783249e-02 3.697050502523779869e-03 2.112804446369409561e-03 5.003719124943017960e-04 2.645026543177664280e-04 5.587585110333748162e-05 2.892686097766272724e-05 5.984126346447737888e-06 3.028084847755962983e-06
6.685960572212934494e-03 2.543062204495072365e-03 1.496541430242359638e-03 4.059014609083533287e-04 2.220350434072315693e-04 5.086293822387233377e-05 2.650582791829947382e-05 5.646509634971152991e-06 2.874581468859105371e-06
2.056266553699970245e-02 3.985578659921884537e-03 2.358524361625313759e-03 6.108499364927411079e-04 3.329823084641247988e-04 7.681911665713414550e-05 3.930646562366746366e-05 8.119348422042094171e-06 4.090678885404486209e-06
1.007170602679252625e-02 3.053138032555580139e-03 1.677636755630373955e-03 4.065657558385282755e-04 2.217496221419423819e-04 4.880806591245345771e-05 2.475371729815378785e-05 5.241991402726853266e-06 2.642262188601307571e-06
4.039122257381677628e-03 1.696087187156081200e-03 1.068520126864314079e-03 2.985676401294767857e-04 1.696340477792546153e-04 4.052274016430601478e-05 2.204561860708054155e-05 4.738876214105403051e-06 2.454520199535181746e-06
1.018354296684265137e-02 3.089057281613349915e-03 1.785530941560864449e-03 4.314913530834019184e-04 2.343995874980464578e-04 5.089827027404680848e-05 2.634896736708469689e-05 5.468222298077307642e-06 2.770556648101774044e-06
5.368844605982303619e-03 1.798918354324996471e-03 1.085422700271010399e-03 2.946233144029974937e-04 1.696366525720804930e-04 3.983337592217139900e-05 2.125402534147724509e-05 4.700111276179086417e-06 2.468867023708298802e-06
9.632110595703125000e-03 3.008177271112799644e-03 1.704665250144898891e-03 4.244727897457778454e-04 2.293792349519208074e-04 5.072293788543902338e-05 2.610470073705073446e-05 5.557174517889507115e-06 2.893498276534955949e-06
2.069452777504920959e-02 5.200339015573263168e-03 2.919271821156144142e-03 6.363874417729675770e-04 3.335312067065387964e-04 7.150041346903890371e-05 3.657988054328598082e-05 7.634572284587193280e-06 3.865286544169066474e-06
2.589322999119758606e-02 5.174403544515371323e-03 2.847330411896109581e-03 7.052476285025477409e-04 3.769867180380970240e-04 8.108014299068599939e-05 4.093783718417398632e-05 8.086389243544545025e-06 3.924279553757514805e-06
2.330089733004570007e-02 5.929793696850538254e-03 3.236840479075908661e-03 7.649097242392599583e-04 3.959080204367637634e-04 8.133835945045575500e-05 4.082635859958827496e-05 8.241895557148382068e-06 4.112649094167863950e-06
2.310348488390445709e-02 5.783034488558769226e-03 3.216704586520791054e-03 7.630676846019923687e-04 3.963629715144634247e-04 8.154121314873918891e-05 4.114097100682556629e-05 8.159446224453859031e-06 4.084184638486476615e-06
7.858135737478733063e-03 4.636181984096765518e-03 3.049951745197176933e-03 7.718589040450751781e-04 3.955115971621125937e-04 8.129751222440972924e-05 4.068844282301142812e-05 8.205545782402623445e-06 4.128328782826429233e-06
