3.844447973429163312e+01 4.811635394477151806e+01 5.292686135812022741e+01 6.501914020124510785e+01 7.048494022898285039e+01 8.349102231547905717e+01 8.917074465050866650e+01 1.025089853477528976e+02 1.082958976899683705e+02
4.459274622784080577e+01 5.192903302109237984e+01 5.609444765852850168e+01 6.722300436670563784e+01 7.234657879723359031e+01 8.485751609958415997e+01 9.037472113523193684e+01 1.033688770937947936e+02 1.090091911629563413e+02
3.828509614855499876e+01 4.929015036822494977e+01 5.149090375634470718e+01 6.196414791784788889e+01 6.654681859027827784e+01 7.866609564517411002e+01 8.409070896944535889e+01 9.742848705840876278e+01 1.033666914285923752e+02
3.913499570627595858e+01 4.943862440970548988e+01 5.450746411165120264e+01 6.714280357319694303e+01 7.274659532699685371e+01 8.595241160544179593e+01 9.168804468340368885e+01 1.050832155916926780e+02 1.108619405102451196e+02
5.043802933791577914e+01 5.688452004839381004e+01 6.087602221640894129e+01 7.165662520268361391e+01 7.665417359215244630e+01 8.888984098842955461e+01 9.439341893537253725e+01 1.072047732739487174e+02 1.128039428077114650e+02
4.254886118103107862e+01 5.141758180066170070e+01 5.589958251090608599e+01 6.756748832722803400e+01 7.289884038675909039e+01 8.564100544305412654e+01 9.121923927229741480e+01 1.044192696074098450e+02 1.101584755957901223e+02
4.540818765022419257e+01 5.375565845007373866e+01 5.821801626615643954e+01 6.978244019500692730e+01 7.507018580499560301e+01 8.782262442764773880e+01 9.341951886918087666e+01 1.065640952502461687e+02 1.122720869230792715e+02
4.336155258530040868e+01 5.175246455661758205e+01 5.641757683995688666e+01 6.793071633998161474e+01 7.317981714852203368e+01 8.574141362721654502e+01 9.123329072164469267e+01 1.038719616352991011e+02 1.090052520684236868e+02
3.329203865559844644e+01 4.382818442549129401e+01 4.866862698880443361e+01 6.086295988838583071e+01 6.632140891087114198e+01 7.894700667897416224e+01 8.468748910090518223e+01 9.825780927038800883e+01 1.040641169389262757e+02
3.595129471669224586e+01 4.346977932569856051e+01 4.862835555563356138e+01 6.027778005619109081e+01 6.526908121202367852e+01 7.761057671908196198e+01 8.341617408951486823e+01 9.730159288908397741e+01 1.033197763059452399e+02
3.456841677463560814e+01 4.245976621082861158e+01 4.747618492395743317e+01 5.904646604134293142e+01 6.419921079772775840e+01 7.736949779496978863e+01 8.333820926171468102e+01 9.729639078775269923e+01 1.033138733646292167e+02
3.484940331259650037e+01 4.244650855508892562e+01 4.757092645352681615e+01 5.919276190086850420e+01 6.431007227181930830e+01 7.738030186796251542e+01 8.334567845518486706e+01 9.729615816389299709e+01 1.033160365199088204e+02
4.257495498992557259e+01 4.586107781864423316e+01 4.827640512620978086e+01 5.869655273562271702e+01 6.403238118011053359e+01 7.743841078480296858e+01 8.338669315603223708e+01 9.730849871898050196e+01 1.033209121028941411e+02
