1.230683177709579468e-02 3.913299646228551865e-03 2.242860151454806328e-03 5.580337601713836193e-04 2.986176696140319109e-04 6.695253978250548244e-05 3.479827500996179879e-05 7.496264515793882310e-06 3.843543254333781078e-06
7.501545827835798264e-03 2.673261566087603569e-03 1.577717135660350323e-03 4.350117233116179705e-04 2.407614811090752482e-04 5.717046951758675277e-05 3.025284968316555023e-05 6.825908712926320732e-06 3.598744342525606044e-06
4.456887394189834595e-02 9.389027953147888184e-03 4.527151584625244141e-03 8.786235703155398369e-04 4.699809942394495010e-04 1.170846444438211620e-04 6.246808334253728390e-05 1.344390420854324475e-05 6.786529866076307371e-06
1.090456359088420868e-02 3.354330314323306084e-03 1.875303220003843307e-03 4.389366658870130777e-04 2.308829862158745527e-04 5.051814150647260249e-05 2.604301153041888028e-05 5.574752776738023385e-06 2.868010824386146851e-06
4.049212206155061722e-03 1.501151244156062603e-03 9.020355064421892166e-04 2.612219832371920347e-04 1.474112068535760045e-04 3.595526140998117626e-05 1.907324804051313549e-05 4.367980181996244937e-06 2.297703758813440800e-06
8.105166256427764893e-03 2.651033224537968636e-03 1.587351085618138313e-03 4.167383303865790367e-04 2.259205066366121173e-04 5.219817467150278389e-05 2.747258258750662208e-05 6.018040494382148609e-06 3.105095856881234795e-06
6.177377887070178986e-03 2.071575727313756943e-03 1.218179007992148399e-03 3.244756080675870180e-04 1.764213811838999391e-04 4.077195626450702548e-05 2.138875424861907959e-05 4.719947810372104868e-06 2.458424660289892927e-06
8.011475205421447754e-03 2.534218132495880127e-03 1.495421747677028179e-03 3.998284228146076202e-04 2.191660460084676743e-04 5.174609395908191800e-05 2.767968726402614266e-05 7.045955953799420968e-06 4.171562977717258036e-06
2.993697859346866608e-02 7.419928442686796188e-03 3.976978827267885208e-03 9.610559209249913692e-04 5.420142551884055138e-04 1.143240151577629149e-04 5.908024468226358294e-05 1.228166820510523394e-05 6.241518349270336330e-06
4.655762389302253723e-02 8.749445900321006775e-03 4.224468488246202469e-03 9.690859587863087654e-04 5.449070595204830170e-04 1.316309208050370216e-04 6.741814286215230823e-05 1.363403680443298072e-05 6.775929250579793006e-06
5.053971335291862488e-02 8.291767910122871399e-03 4.240989685058593750e-03 1.116360770538449287e-03 6.165326922200620174e-04 1.354058767901733518e-04 6.805092561990022659e-05 1.365197022096253932e-05 6.826433491369243711e-06
5.024997144937515259e-02 8.269117213785648346e-03 4.164711106568574905e-03 1.097392640076577663e-03 6.090405513532459736e-04 1.352398976450785995e-04 6.803811993449926376e-05 1.364771924272645265e-05 6.827569904999108985e-06
7.741583976894617081e-03 5.242516286671161652e-03 3.926989622414112091e-03 1.159709063358604908e-03 6.280160159803926945e-04 1.343119656667113304e-04 6.771591142751276493e-05 1.363164392387261614e-05 6.821576789661776274e-06
