2.491085613415710395e+05 1.840135610901029941e+04 1.177103534563653375e+04 1.247166434678862515e+03 3.295994917740262622e+02 4.584252821932947342e+01 2.729066340514360078e+01 1.157370102797789713e+01 8.649793154588511612e+00
1.875722735428989108e+04 1.724819643779276475e+03 7.320090567447072090e+02 1.829388045586918849e+02 1.166794960093991875e+02 5.044968392979872363e+01 3.759091062862220411e+01 2.190358565282545200e+01 1.827847750074460365e+01
5.305263157894736651e+04 7.198255524809038434e+03 3.052266164876877610e+03 7.796189744850465786e+02 4.836425356618683509e+02 1.843584067472668551e+02 1.316065261430647411e+02 6.283468726752707312e+01 4.738853079687834224e+01
4.689540583201794652e+04 3.538349672792919137e+03 1.496123722816363852e+03 3.130755983727256648e+02 1.845264285859054212e+02 6.819596142375982595e+01 4.787277484420018681e+01 2.460059121956576789e+01 1.983696145880947270e+01
6.361054766734279838e+04 6.973193329215565427e+03 2.776531696375870524e+03 4.948987240892269597e+02 2.769001196427494165e+02 9.424351249417739496e+01 6.309744893955642908e+01 3.110942224532012546e+01 2.449964271354376066e+01
1.198420449237824323e+04 1.319155897268117087e+03 6.089799951884020857e+02 1.429002513310826146e+02 8.823057740948347316e+01 3.494727788825031212e+01 2.615133659144049716e+01 1.500651909476406232e+01 1.246308246772742123e+01
1.374132768567881430e+04 7.499352335908489522e+02 2.878386047823184981e+02 5.207229237086674800e+01 3.163752259052393256e+01 1.301029294686223636e+01 1.000326459999399553e+01 6.321981586422253940e+00 5.466521535788080755e+00
5.308306453888037140e+03 3.546657635825464467e+02 1.512496422933098472e+02 3.248721615843042798e+01 2.022666636997449530e+01 8.811534455951671063e+00 6.714998684967528497e+00 4.350865852596090377e+00 3.776852238143246332e+00
5.570709562814566016e+04 4.723128671118028251e+03 1.152967080551237814e+03 1.477869655917762088e+02 6.613523065962183978e+01 1.662275443882287007e+01 1.085882937017866290e+01 5.532702088956710895e+00 4.573929934731394198e+00
2.185704328970804636e+04 1.444399523037005565e+03 4.793018332989446435e+02 7.765877930931728201e+01 4.099597382759162656e+01 1.256089859557724964e+01 8.492531437847496534e+00 4.709411074079024928e+00 4.019015222084232342e+00
1.809984929618110255e+04 8.412405794855210388e+02 3.724775218842421509e+02 6.265508237298576688e+01 3.353317317631292127e+01 1.147897204552666750e+01 7.994688449548945641e+00 4.552771462930372159e+00 3.899043103621732786e+00
2.704225352112676046e+04 2.345335338745730951e+03 7.935646584809692285e+02 8.610381605193686028e+01 4.255715035970170845e+01 1.291021872354969524e+01 9.249893118573083939e+00 5.227950854705782469e+00 4.401952268326440709e+00
