2.164872922003269196e-02 6.735360249876976013e-03 2.973609836772084236e-03 7.482678047381341457e-04 4.087620181962847710e-04 9.782480628928169608e-05 5.127429540152661502e-05 1.069853715307544917e-05 5.386395059758797288e-06
6.313294172286987305e-03 2.368572168052196503e-03 1.455748802982270718e-03 4.224760050419718027e-04 2.385173429502174258e-04 5.943120777374133468e-05 3.163143992424011230e-05 7.055959486024221405e-06 3.648619440355105326e-06
3.489887109026312828e-03 1.204012078233063221e-03 7.600082317367196083e-04 2.378660137765109539e-04 1.383744966005906463e-04 3.888786159222945571e-05 2.222098737547639757e-05 5.507783043867675588e-06 2.982577143484377302e-06
7.263379637151956558e-03 3.295859321951866150e-03 1.939800102263689041e-03 4.991584573872387409e-04 2.697840973269194365e-04 6.826696335338056087e-05 3.555582588887773454e-05 7.479558917111717165e-06 3.821802238235250115e-06
4.757058341056108475e-03 1.747101661749184132e-03 1.107979565858840942e-03 3.335490182507783175e-04 1.898779155453667045e-04 4.888268813374452293e-05 2.667076296347659081e-05 6.175275302666705102e-06 3.228499963370268233e-06
1.461690012365579605e-02 4.768189508467912674e-03 2.613004762679338455e-03 6.015670369379222393e-04 3.554410650394856930e-04 7.534689939348027110e-05 3.852288864436559379e-05 8.073987373791169375e-06 4.083633484697202221e-06
2.546504512429237366e-02 5.895172245800495148e-03 3.789729205891489983e-03 8.518586982972919941e-04 4.571445751935243607e-04 9.430554928258061409e-05 4.896073005511425436e-05 1.012709526548860595e-05 5.102748673380119726e-06
3.593146428465843201e-02 7.725902367383241653e-03 4.160585813224315643e-03 9.517460712231695652e-04 4.916277830488979816e-04 1.044857199303805828e-04 5.321955904946662486e-05 1.097365748137235641e-05 5.521499133465113118e-06
2.773670107126235962e-02 7.102136965841054916e-03 3.754205768927931786e-03 8.356334292329847813e-04 4.524838004726916552e-04 1.044447053573094308e-04 5.401605449151247740e-05 1.108606556954327971e-05 5.551974936679471284e-06
2.699214220046997070e-02 7.467039860785007477e-03 3.870074637234210968e-03 8.799096685834228992e-04 4.742314049508422613e-04 1.061862858477979898e-04 5.454020356410183012e-05 1.111856636271113530e-05 5.565895207837456837e-06
2.777547203004360199e-02 7.522895466536283493e-03 3.899482078850269318e-03 8.960003615356981754e-04 4.794062697328627110e-04 1.066415425157174468e-04 5.465683716465719044e-05 1.112922836910001934e-05 5.565212177316425368e-06
1.449317298829555511e-02 5.645732861012220383e-03 3.263479564338922501e-03 8.405222324654459953e-04 4.647147725336253643e-04 1.061315560946241021e-04 5.445854549179784954e-05 1.111582969315350056e-05 5.564515959122218192e-06
