4.839506172839506326e+04 1.719717280038995887e+04 1.085684611389994825e+04 1.004062640075703143e+03 2.971355538839808901e+02 4.654086857654512954e+01 2.737321714393202043e+01 1.151830704393203320e+01 8.699257433123881000e+00
1.994910941475826985e+04 1.761511864491405959e+03 7.772690657982608400e+02 1.833537481984734256e+02 1.163384548798961333e+02 5.044330918402800279e+01 3.781484739208988799e+01 2.203666351453786021e+01 1.834966706608269504e+01
6.101826829531942349e+04 7.272352486472558667e+03 3.294463704170605979e+03 7.833189476927004762e+02 4.849055452996856843e+02 1.862160902340467885e+02 1.315242228670127531e+02 6.273030170954741180e+01 4.740366511756021595e+01
5.289850998032049392e+04 3.660534216994040435e+03 1.547818170850082424e+03 3.136857407691435924e+02 1.848800431543978391e+02 6.769156161511432401e+01 4.767508779030258381e+01 2.464003539560640021e+01 1.971133275574230481e+01
7.189912113106610195e+04 6.828855203784130026e+03 2.570011974084984104e+03 4.979002770522906189e+02 2.784695226631410492e+02 9.372644821625358702e+01 6.369032205653125089e+01 3.131237735319882276e+01 2.420068147589344676e+01
1.396432723944289137e+04 1.327760227879483637e+03 5.781432596554369638e+02 1.422665259324899409e+02 8.816930606032774165e+01 3.536473611803481987e+01 2.623931099496298813e+01 1.497063754818256243e+01 1.245091172687824077e+01
1.148834842780095642e+04 7.821911828895679264e+02 2.955278172468710522e+02 5.272148712550773553e+01 3.086575523523901765e+01 1.310151730926102864e+01 9.504245854474014266e+00 6.337198293065401167e+00 5.401900104581429218e+00
5.054486519399350072e+03 3.239957640859925050e+02 1.480091215655488668e+02 3.226579589563391437e+01 1.976575853356896317e+01 8.700323917831322973e+00 6.709693511380002029e+00 4.338559883267159911e+00 3.771591842136645223e+00
3.651228978007761907e+04 4.036209189583422813e+03 1.142685943553970219e+03 1.446906023392262455e+02 6.529794094242669189e+01 1.658740135031814233e+01 1.085777645825633364e+01 5.485557075725789211e+00 4.521856384181430322e+00
1.668331609280331031e+04 1.355173730064796246e+03 4.309530698764201020e+02 7.572165156584375723e+01 3.992920432105179884e+01 1.238793650067699303e+01 8.433463783496156552e+00 4.699537319361533960e+00 3.983610429660627616e+00
1.750759878419452798e+04 9.420214878625951087e+02 3.322424955856386077e+02 6.141099061776532153e+01 3.330221673189786458e+01 1.112629009420369286e+01 7.763291883312474440e+00 4.530330388597178626e+00 3.891843512176968556e+00
3.568367153423099080e+04 2.482704022167000403e+03 7.952080151918991078e+02 8.450861105139323115e+01 4.198006883785309640e+01 1.286634218630581117e+01 9.159619959501199560e+00 5.184095546054849457e+00 4.398576655877524999e+00
