2.620781778647209848e+01 3.613719403349393389e+01 4.753803698334833427e+01 5.368720514842048885e+01 6.498518461130166202e+01
3.930843702013699215e+01 4.202800345886007705e+01 5.088327017891033677e+01 5.534318941537574688e+01 6.692053609878711029e+01
4.471516310027389096e+01 4.779049651101374252e+01 5.660543612853043527e+01 6.087191838958900547e+01 7.142325614142808377e+01
4.053872539840426725e+01 4.210089159278395243e+01 4.906456830064350072e+01 5.350931662240503783e+01 6.548748026137332090e+01
4.303741664328219940e+01 4.633317225960216490e+01 5.485196020034343434e+01 5.891759925070849135e+01 6.923748929702024668e+01
3.327461135714615637e+01 3.625810938358078062e+01 4.594501287965965020e+01 5.095251640116760683e+01 6.409170598302014810e+01
2.945871705013130892e+01 3.397412519004332410e+01 4.430781448583007887e+01 4.884588721926686361e+01 6.208469240772757303e+01
2.761399866019095128e+01 3.228003049574239469e+01 4.164511564180894965e+01 4.673092830788154117e+01 6.061587232974616768e+01
2.122355272760235323e+01 2.926790344801825228e+01 4.046224581050643820e+01 4.506640475121821510e+01 5.414051109995710931e+01
3.166196328066349963e+01 3.699519617094983914e+01 4.679734764846503481e+01 5.142380895562452281e+01 6.423848604893649394e+01
3.202009916196195860e+01 3.709223666382018791e+01 4.665686643374107945e+01 5.133752105277342537e+01 6.440624643685133321e+01
3.603050375541167227e+01 3.986709786963190538e+01 4.994021100136102831e+01 5.393991738395145319e+01 6.536876358830430433e+01
