1.722130697419000717e+04 6.417024759566195826e+03 4.704627283637818437e+03 1.085695052170986173e+03 4.515973672820715592e+02 7.705876017140003853e+01 4.855708102162900985e+01 1.826940675402956771e+01 1.324869515092312255e+01
1.478973982759975843e+04 2.916802306654885342e+03 1.498542552683136591e+03 3.398545166429251481e+02 1.958728186906418500e+02 7.474163569093178694e+01 5.269866888435252150e+01 2.846171939582377064e+01 2.278352538971803654e+01
3.691824722040549386e+04 9.907155518893589033e+03 5.298142534000357045e+03 1.318724448078495470e+03 7.912076822049756402e+02 2.860888969754593631e+02 1.935201866361777263e+02 9.041815513518032787e+01 6.506053091274226574e+01
2.027149321266968400e+04 5.375846404388445990e+03 2.685761865112406213e+03 5.921748325696157735e+02 3.221088635288518844e+02 1.074289820738543852e+02 7.343242877940312496e+01 3.474192146311938956e+01 2.629816070809362927e+01
2.721565980425244561e+04 7.539166321637973851e+03 4.135263435503721666e+03 8.507777846438589222e+02 4.685255075319492448e+02 1.471888156525793363e+02 9.544815383710100321e+01 4.354109896999476348e+01 3.242726040661835896e+01
1.416263140728102917e+04 2.510473649099399609e+03 1.076721766763692585e+03 2.539474595806591708e+02 1.499262957995245813e+02 5.334784975503538362e+01 3.762057337784603561e+01 1.968145731484575123e+01 1.586749873962058111e+01
7.045431852221667214e+03 1.459872137049221010e+03 5.300903861955628145e+02 9.935860821908741514e+01 5.656784463564508059e+01 1.981888443920541221e+01 1.410604619055412101e+01 7.898439235496902633e+00 6.653462209588774101e+00
4.672267516450771836e+03 6.553098814247603059e+02 2.707786180447124593e+02 6.110263365470452612e+01 3.470891897101779477e+01 1.305050760065835114e+01 9.363873215664840544e+00 5.388379622570201199e+00 4.570374106026023675e+00
1.022645748034348981e+04 3.310111885159383746e+03 1.519343039170562633e+03 2.103871185596711939e+02 1.068809334510548439e+02 3.098612145848195709e+01 1.879369313915669792e+01 7.773995003395820724e+00 5.983041054867118902e+00
6.144200626959247529e+03 1.777945762071246236e+03 7.446906752716996607e+02 1.200787250825158310e+02 7.458658474756666124e+01 2.276709042247133752e+01 1.433089074173377853e+01 6.363334136829021936e+00 5.060697484570310323e+00
4.915232099474935239e+03 1.248542946311857122e+03 5.259352568928377423e+02 1.048748563609457847e+02 6.394625469545834306e+01 1.972654372313560955e+01 1.271177394733099142e+01 6.012837676870371517e+00 4.829521228790773613e+00
5.280399622080242807e+03 1.826092863913250312e+03 8.883321425536402103e+02 1.624792360298166329e+02 7.935915458206751794e+01 2.204796314715456873e+01 1.426943070487342524e+01 6.838821594277022520e+00 5.509650101202047345e+00
