1.511527647610121858e+04 3.027741423330257931e+03 1.809010441036027714e+03 7.494473542708063860e+02 5.548740209493253133e+02 1.266322283597595373e+02 6.015314499670078163e+01 2.093940037819121258e+01 2.042298236759414465e+01 1.727996491109166044e+01
9.883391112511819301e+03 3.567081840414036378e+03 2.067465113723766535e+03 4.933273904721952476e+02 3.340942705981298104e+02 1.415348386119716793e+02 1.043993734705967142e+02 5.333492572151624955e+01 3.984282806155338363e+01 2.736369633277605473e+01
3.104096783062964096e+04 1.094887113042129022e+04 6.787062642779848829e+03 1.757229176329953589e+03 1.127838928105463083e+03 5.029944601818329488e+02 3.685037889668211051e+02 1.608642807373516064e+02 1.162523446941332566e+02 5.440165456279324729e+01
1.668430230839712749e+04 5.648301947207268313e+03 3.488686859946972618e+03 8.299199308400058044e+02 4.791561798906856779e+02 1.769085568169246585e+02 1.252058650323894256e+02 6.749104710599614521e+01 5.206015175726069089e+01 3.097549940502435462e+01
1.949709864603481765e+04 6.230394808004326478e+03 3.888165643791457569e+03 1.111853029291323764e+03 6.629476082539607660e+02 2.502272959999006900e+02 1.793012625225484555e+02 7.723144532586120192e+01 5.780790791042969090e+01 3.151272818786963015e+01
8.814628585705586374e+03 3.095891012000087812e+03 1.766998375368202915e+03 3.759315374113415942e+02 2.027119474287708840e+02 7.830350180950614458e+01 6.542903844767380406e+01 3.884718928734800869e+01 2.976938849558268885e+01 1.993483180303504554e+01
3.347486775624451639e+03 1.192211593902925870e+03 8.189141785252638783e+02 1.593155932168947686e+02 7.864130867117671642e+01 3.469595432682792335e+01 2.914486554344037472e+01 1.773664085907078203e+01 1.345734619883729621e+01 8.942660323579568526e+00
2.160391295362170240e+03 8.157378679079231460e+02 4.932377289114832024e+02 8.632119227476711387e+01 4.865028385365269514e+01 2.208809851867932750e+01 1.927032422982797399e+01 1.213497111301598963e+01 9.876006500444585612e+00 6.303859354965587691e+00
6.078828343743269215e+03 1.576112601808754562e+03 1.016819089856127107e+03 3.946341831726776377e+02 1.917888365768709775e+02 3.501326457381858148e+01 2.317463612274148943e+01 1.665149296616901609e+01 1.462743118074527615e+01 9.313541595461746425e+00
3.580589914367269103e+03 1.223924285296126527e+03 7.860064999262004903e+02 2.093093104228235006e+02 9.313956976409195931e+01 2.427278502989055298e+01 2.012909895751464973e+01 1.593447354247329883e+01 1.339006367040745360e+01 8.037337739516701163e+00
3.208439432520916853e+03 1.039759069433315744e+03 6.877461109594916024e+02 1.583852160330238519e+02 7.600127315057913790e+01 2.389759899153215983e+01 1.986815734631699826e+01 1.543376415339304586e+01 1.254264121386849773e+01 7.390951646301483713e+00
2.865584356248667518e+03 9.285646136080249562e+02 6.383433470279512676e+02 2.177305692207168022e+02 1.129467808726803639e+02 3.149347108007463802e+01 2.338991891511350474e+01 1.581843193124003832e+01 1.305570350230903287e+01 8.097345214622897913e+00
