1.022299413039895512e+03 1.009081158383982824e+03 9.454832939158632144e+02 7.780811796928089734e+02 1.324749808203695238e+02
8.582949659102658870e+02 6.689189909808276298e+02 2.541388507204382563e+02 1.599530296658917621e+02 6.180206762338270465e+01
9.877735722272676639e+02 9.224901088233707469e+02 6.030769230769230944e+02 4.492690066624696215e+02 2.066537166404420134e+02
9.627244446870054162e+02 8.355647922411840227e+02 3.917143749349432937e+02 2.521374374156627312e+02 9.151084818890453221e+01
9.901299229793705763e+02 9.244419988306909772e+02 5.524828352329171821e+02 3.706824147153984086e+02 1.345564699522015530e+02
7.921081065910781263e+02 5.769926628873756727e+02 2.039222373067005094e+02 1.274668935635180276e+02 4.761474167518054657e+01
7.563450824438650670e+02 4.581948350805420773e+02 1.075495812562541005e+02 6.017903390518412010e+01 1.995930208917121007e+01
5.142201249840582022e+02 2.841792391278081595e+02 6.618857552917559417e+01 3.815367262218496336e+01 1.342901921888014272e+01
1.021468795691764285e+03 1.014965198675913484e+03 6.778504953467427185e+02 3.647569611599229802e+02 7.712672349151452522e+01
7.139785381451331432e+02 4.242730355725521463e+02 9.965614322887104493e+01 5.549940964036779434e+01 1.679147682627166560e+01
6.179296815989456491e+02 3.495115333604944681e+02 8.117007537940266104e+01 4.580664835850583927e+01 1.442952199217588038e+01
8.795249617872206045e+02 6.038827452444554638e+02 1.219830544515343860e+02 5.943163445838753489e+01 1.626670245371944645e+01
