3.151484951376914978e-02 5.999235436320304871e-03 2.610595664009451866e-03 6.974018760956823826e-04 3.673343453556299210e-04 8.462453115498647094e-05 4.322463428252376616e-05 8.873699698597192764e-06 4.442988483788212761e-06
6.687622517347335815e-03 2.503321506083011627e-03 1.517796656116843224e-03 4.265341849531978369e-04 2.373710303800180554e-04 5.720249828300438821e-05 3.022719465661793947e-05 6.550398666149703786e-06 3.352228077346808277e-06
3.623073687776923180e-03 1.311926404014229774e-03 8.089001639746129513e-04 2.477425150573253632e-04 1.427094539394602180e-04 3.931694664061069489e-05 2.224502895842306316e-05 5.535354830499272794e-06 2.947114808193873614e-06
7.820576429367065430e-03 3.304254263639450073e-03 1.931114471517503262e-03 4.954352043569087982e-04 2.645458152983337641e-04 6.049974399502389133e-05 3.120453766314312816e-05 6.593426860490581021e-06 3.351688292241306044e-06
5.083017516881227493e-03 1.821972196921706200e-03 1.136485836468636990e-03 3.378365945536643267e-04 1.913631858769804239e-04 4.789990634890273213e-05 2.577930717961862683e-05 5.832016086060320958e-06 3.022882310688146390e-06
1.726145483553409576e-02 4.936721175909042358e-03 2.600291278213262558e-03 5.944856093265116215e-04 3.068393561989068985e-04 6.602322537219151855e-05 3.373251456650905311e-05 7.044432095426600426e-06 3.573805088308290578e-06
2.197725512087345123e-02 5.656406749039888382e-03 3.012531902641057968e-03 7.386570214293897152e-04 3.834501840174198151e-04 8.100322884274646640e-05 4.153891131863929331e-05 8.601447916589677334e-06 4.253892711858497933e-06
2.898225001990795135e-02 6.716307252645492554e-03 3.643359988927841187e-03 8.132945513352751732e-04 4.222952702548354864e-04 8.965966117102652788e-05 4.550171433947980404e-05 9.333421985502354801e-06 4.642511612473754212e-06
2.764442004263401031e-02 6.415682844817638397e-03 3.249486908316612244e-03 7.408134406432509422e-04 4.002746136393398046e-04 9.011168003780767322e-05 4.615538273355923593e-05 8.601873560110107064e-06 4.313121280574705452e-06
3.005812317132949829e-02 6.410064175724983215e-03 3.339700866490602493e-03 7.779274601489305496e-04 4.157478979323059320e-04 9.115618740906938910e-05 4.652175266528502107e-05 9.426882570551242679e-06 4.714373062597587705e-06
2.859843336045742035e-02 6.492934189736843109e-03 3.394840750843286514e-03 7.905236561782658100e-04 4.195326473563909531e-04 9.160509216599166393e-05 4.662140418076887727e-05 9.433931154489982873e-06 4.717129741038661450e-06
1.478276215493679047e-02 5.351767409592866898e-03 3.013416891917586327e-03 7.573255570605397224e-04 4.107686690986156464e-04 9.120998583966866136e-05 4.650382470572367311e-05 9.428130397282075137e-06 4.712708232545992360e-06
