6.820481938192281746e+01 5.854469633672493245e+01 4.507238026371430806e+01 3.945876179121304261e+01 2.375908769952027200e+01 1.957277752858732356e+01 1.335410891509788378e+01 1.104953168683409714e+01 7.676192608466200440e+00
7.004169148302561325e+02 5.288007554296506214e+02 2.787941048638824100e+02 1.990790899241603427e+02 7.717700177848362841e+01 5.851396423814917824e+01 3.598411925349272167e+01 2.915986848304214618e+01 2.029433107658607582e+01
1.219411032766486869e+03 9.967368733313556959e+02 6.105549161957998194e+02 4.601749134237248313e+02 2.528959743089803851e+02 1.898718849143881187e+02 8.564291661710478820e+01 6.671368897578980750e+01 4.227321581986434040e+01
5.731320006823000313e+02 4.382880924281011517e+02 2.430162114130828002e+02 1.810423792088632808e+02 1.016795279164775252e+02 7.754425605429855750e+01 3.749930246833206127e+01 3.041343915394088171e+01 2.102790578329992144e+01
8.387020087959110697e+02 6.526746154344226625e+02 3.875049426650850251e+02 2.918657318359496458e+02 1.601641591835623046e+02 1.183572893899466720e+02 5.087392696822831084e+01 3.977467780312549195e+01 2.587471080720223426e+01
3.240234751701398750e+02 2.429911047899139476e+02 1.323832359596096069e+02 9.865399376701383005e+01 4.458945285025564687e+01 3.521436043215446432e+01 2.298419250433885352e+01 1.906477755327789225e+01 1.379054784593049909e+01
1.134343138799486894e+02 9.258032222045819992e+01 4.261227240692304719e+01 3.217489719627872802e+01 1.848908826731615918e+01 1.448188174156121555e+01 9.600498964708098271e+00 8.066107328154533462e+00 5.989335824589194779e+00
7.333751157591461833e+01 5.474949545267264739e+01 3.152512158126006625e+01 2.414407607847645920e+01 1.451100623627768016e+01 1.149631290304710873e+01 6.387538939907525304e+00 5.448172827531433171e+00 4.142432030298931700e+00
6.373534656094692252e+01 5.532091382999325191e+01 3.396886957225028425e+01 2.779069854457244304e+01 1.809610323396035270e+01 1.445651316524085495e+01 9.239997140000884457e+00 7.518168107133895717e+00 4.548492792837103949e+00
8.128011574583375420e+01 6.403717350661608521e+01 3.841126730507615861e+01 2.978996302852802813e+01 1.842896230525006018e+01 1.456963515411787391e+01 7.494930883799573174e+00 6.203936475066787359e+00 4.518198427287869023e+00
9.284515938024277659e+01 7.153814100191924297e+01 4.129779007659054457e+01 3.156778618372487344e+01 1.503578991063549886e+01 1.187288341790968005e+01 7.662258587544725330e+00 6.323312698925359854e+00 4.581588507381318287e+00
1.328648416580989817e+02 1.028025945416717661e+02 5.918882123147308505e+01 4.285126069915087044e+01 2.181920058728778145e+01 1.595242848367600352e+01 9.323745661537989449e+00 7.469222800691792230e+00 4.484159306877089968e+00
