5.212718620896339417e-03 2.456653630360960960e-03 7.723770686425268650e-04 4.585447022691369057e-04 8.218387665692716837e-05 4.576326682581566274e-05 1.394818991684587672e-05 7.718245797150302678e-06 2.288946916451095603e-06
2.095123985782265663e-03 1.350335311144590378e-03 5.334704765118658543e-04 3.267563588451594114e-04 6.625425157835707068e-05 3.734204074135050178e-05 1.125627386500127614e-05 6.039266281732125208e-06 1.681277353782206774e-06
9.710381273180246353e-04 6.273746257647871971e-04 2.459828683640807867e-04 1.504569372627884150e-04 5.397459608502686024e-05 3.156365346512757242e-05 5.872138899576384574e-06 3.284855210949899629e-06 1.000127781480841804e-06
2.077118726447224617e-03 1.243016100488603115e-03 4.475108580663800240e-04 2.688604872673749924e-04 9.528631926514208317e-05 5.570944995270110667e-05 1.005887315841391683e-05 5.489455816132249311e-06 1.562606257721199654e-06
1.530289300717413425e-03 9.808928007259964943e-04 3.854189708363264799e-04 2.371848677285015583e-04 8.533331129001453519e-05 5.016590512241236866e-05 9.286010936193633825e-06 5.130195859237574041e-06 1.496787149335432332e-06
3.093979321420192719e-03 1.829880871810019016e-03 6.519180024042725563e-04 3.886344784405082464e-04 7.811752584530040622e-05 4.408367385622113943e-05 1.318999875365989283e-05 7.028453183011151850e-06 1.926671302499016747e-06
5.950124468654394150e-03 3.546968335285782814e-03 7.726968615315854549e-04 4.646400921046733856e-04 1.551437890157103539e-04 8.596450788900256157e-05 2.462175689288415015e-05 1.288426574319601059e-05 3.426994908295455389e-06
6.093799602240324020e-03 3.672136226668953896e-03 1.308282371610403061e-03 7.846637745387852192e-04 2.653841802384704351e-04 1.486776891397312284e-04 2.303588371432852000e-05 1.200540827994700521e-05 3.163951760143390857e-06
8.620620705187320709e-03 3.907592967152595520e-03 7.736761472187936306e-04 4.554258193820714951e-04 1.620906841708347201e-04 9.511008101981133223e-05 3.059959635720588267e-05 1.674478517088573426e-05 2.439300033074687235e-06
4.784453194588422775e-03 2.720213495194911957e-03 9.465576149523258209e-04 5.626549245789647102e-04 1.974484330276027322e-04 1.149743111454881728e-04 1.963928298209793866e-05 1.039646758727030829e-05 2.774912218228564598e-06
5.645450204610824585e-03 3.241251455619931221e-03 1.128644333221018314e-03 6.718442891724407673e-04 1.363973715342581272e-04 7.761952292639762163e-05 2.332517942704726011e-05 1.235862964676925912e-05 3.301141759948222898e-06
3.952859435230493546e-03 2.425003098323941231e-03 8.986453758552670479e-04 5.458881496451795101e-04 1.903387164929881692e-04 1.087802520487457514e-04 3.328165985294617712e-05 1.785534186637960374e-05 2.521195710869506001e-06
