4.189100349916924415e+01 5.501433476466709038e+01 6.005305258065374119e+01 6.644893934485126863e+01 6.697336022075708684e+01 6.814600237296922103e+01 7.179289989314861486e+01 8.500944912777831064e+01 9.082235486269858882e+01 1.047815277633971505e+02
4.775514662365117147e+01 4.974068507934416061e+01 5.110127637948302493e+01 5.858243748414638219e+01 6.292144393930300339e+01 7.400862548314813694e+01 7.926568846231870680e+01 9.199428793224612377e+01 9.772393670743697669e+01 1.112464826497878931e+02
5.409897592662717614e+01 5.656698398047292642e+01 5.775124015169869551e+01 6.480873672862881563e+01 6.892039101845590210e+01 7.935537862677237797e+01 8.389030637677434754e+01 9.487434793391329890e+01 9.990901722565857312e+01 1.117797687091203471e+02
4.871141458574128080e+01 5.214860374294332246e+01 5.313490289067284778e+01 5.847265042414633029e+01 6.224642221417443011e+01 7.277476239477513786e+01 7.805189651393648376e+01 9.128545431815980749e+01 9.712332692326938854e+01 1.108505164780184629e+02
5.098984359757130846e+01 5.537424688000080408e+01 5.713422291221534266e+01 6.290535237025528659e+01 6.642680033207359713e+01 7.598404386040610348e+01 8.049621044332751296e+01 9.199536286638564775e+01 9.741721063942972592e+01 1.106660752850490894e+02
4.419015345393847838e+01 4.657096199151652627e+01 4.776397061709366909e+01 5.366536298316315623e+01 5.805560083922345882e+01 7.036960805532466168e+01 7.616832667530732692e+01 8.963913126605584125e+01 9.558150157283475323e+01 1.092947720225341470e+02
4.140823365801060163e+01 4.567979076311205233e+01 4.600635832791716240e+01 5.013223890822064277e+01 5.426480021364129414e+01 6.674209256566932424e+01 7.227143871990907087e+01 8.617572500984040573e+01 9.196994896966461397e+01 1.053167697348577860e+02
3.787681053465591674e+01 4.075238086476558408e+01 4.128778428074292606e+01 4.746618166957134122e+01 5.201674312241635079e+01 6.532696847525956230e+01 7.127190236087474773e+01 8.496283424815123908e+01 9.087544871872749752e+01 1.048097133755927644e+02
4.134071717796594925e+01 5.036177890358689524e+01 5.169653747858103543e+01 5.311574947769200605e+01 5.468360244197710074e+01 6.536861349930424581e+01 7.097822088111369965e+01 8.478715140505252634e+01 9.080820369198190178e+01 1.048401785535119899e+02
4.019742910098759836e+01 4.560868810464667433e+01 4.603318980792890613e+01 4.939554379318609278e+01 5.294751283232279349e+01 6.495457685078997656e+01 7.083285883703251784e+01 8.477186844723385661e+01 9.079805644743399284e+01 1.048060308745589708e+02
3.984387622377066407e+01 4.454764788528365216e+01 4.493186581946962121e+01 4.868290329986408693e+01 5.261167148133672100e+01 6.490516885058336527e+01 7.081085885997393348e+01 8.477754252438238325e+01 9.080888311921836475e+01 1.048272286736637966e+02
4.200310815098782058e+01 4.927902849656070572e+01 5.032356071849746826e+01 5.323061752935556967e+01 5.596162138275187203e+01 6.587395364771836626e+01 7.121943831143403258e+01 8.478890126218428236e+01 9.080250988894873387e+01 1.047843378957848159e+02
