4.998715594410896301e-03 4.736089147627353668e-03 3.936074208468198776e-03 7.756093982607126236e-04 4.618472303263843060e-04 1.201839259010739625e-04 6.200117059051990509e-05 1.306456488237017766e-05 6.673105872323503718e-06
6.316583603620529175e-03 2.344520529732108116e-03 1.479834318161010742e-03 4.394653951749205589e-04 2.511560451239347458e-04 6.452928209910169244e-05 3.479399674688465893e-05 7.920591087895445526e-06 4.114950570510700345e-06
3.435141872614622116e-03 1.205711159855127335e-03 7.617329829372465611e-04 2.473871863912791014e-04 1.453103323001414537e-04 4.036908285343088210e-05 2.321674219274427742e-05 6.000470420985948294e-06 3.206335122740711085e-06
6.981150712817907333e-03 2.998964162543416023e-03 1.777699915692210197e-03 4.861765482928603888e-04 2.682226768229156733e-04 6.557734013767912984e-05 3.510402530082501471e-05 7.858457138354424387e-06 4.078528490936150774e-06
4.274801816791296005e-03 1.685598632320761681e-03 1.081917434930801392e-03 3.529953537508845329e-04 2.061408449662849307e-04 5.392428283812478185e-05 2.960744131996762007e-05 6.992994258325779811e-06 3.669153329610708170e-06
1.352615281939506531e-02 4.466815385967493057e-03 2.497968263924121857e-03 6.157745956443250179e-04 3.335398505441844463e-04 7.860508776502683759e-05 4.112377791898325086e-05 8.937159691413398832e-06 4.848768639931222424e-06
1.919030584394931793e-02 7.092565763741731644e-03 3.882460296154022217e-03 9.569604881107807159e-04 5.143343587405979633e-04 1.165791909443214536e-04 6.586397648788988590e-05 1.266565595869906247e-05 6.361302439472638071e-06
3.147564828395843506e-02 9.564612060785293579e-03 4.963386803865432739e-03 1.160054467618465424e-03 6.041438900865614414e-04 1.291589433094486594e-04 6.577798922080546618e-05 1.360081751045072451e-05 6.861636393296066672e-06
1.240838970988988876e-02 7.096458692103624344e-03 4.458483774214982986e-03 9.873838862404227257e-04 5.311199929565191269e-04 1.271085347980260849e-04 6.625737296417355537e-05 1.379707828164100647e-05 6.919697170815197751e-06
2.139971032738685608e-02 8.997960947453975677e-03 4.774104803800582886e-03 1.048823818564414978e-03 5.650274688377976418e-04 1.294692192459478974e-04 6.712070171488448977e-05 1.386328312946716323e-05 6.942842446733266115e-06
2.298016659915447235e-02 9.074361994862556458e-03 4.801374394446611404e-03 1.067078090272843838e-03 5.737903993576765060e-04 1.302500168094411492e-04 6.734539056196808815e-05 1.386306939821224660e-05 6.942172149138059467e-06
1.236142590641975403e-02 5.912674590945243835e-03 3.617252223193645477e-03 9.693257161416113377e-04 5.453749909065663815e-04 1.293013046961277723e-04 6.709955778205767274e-05 1.384741244692122564e-05 6.941454557818360627e-06
