3.559648245573043823e-02 6.875300779938697815e-03 3.264576895162463188e-03 8.239520248025655746e-04 4.147221625316888094e-04 9.880688594421371818e-05 5.144338501850143075e-05 1.067478115146514028e-05 5.139902441442245618e-06
6.265685427933931351e-03 2.376353135332465172e-03 1.454458571970462799e-03 4.222555435262620449e-04 2.387083804933354259e-04 5.945734665147028863e-05 3.164810186717659235e-05 7.066928446874953806e-06 3.651776751212310046e-06
3.415598766878247261e-03 1.226534019224345684e-03 7.697467226535081863e-04 2.401346282567828894e-04 1.395798171870410442e-04 3.933520201826468110e-05 2.244382085336837918e-05 5.517846602742793038e-06 2.975178858832805417e-06
7.896505296230316162e-03 3.228649264201521873e-03 1.908040372654795647e-03 5.015348433516919613e-04 2.722060016822069883e-04 6.410495552700012922e-05 3.379237023182213306e-05 7.282855676749022678e-06 3.734654683285043575e-06
5.307836458086967468e-03 1.837898162193596363e-03 1.137198531068861485e-03 3.327117592561990023e-04 1.889206760097295046e-04 4.887231625616550446e-05 2.666770342329982668e-05 6.173343535920139402e-06 3.226702574465889484e-06
1.683913730084896088e-02 4.662328399717807770e-03 2.585439477115869522e-03 6.073496188037097454e-04 3.354496147949248552e-04 7.438955071847885847e-05 3.807965549640357494e-05 8.079328836174681783e-06 4.091426944796694443e-06
2.702029235661029816e-02 5.887145642191171646e-03 3.217820310965180397e-03 8.204160258173942566e-04 4.393880662973970175e-04 9.671929001342505217e-05 5.043583587394095957e-05 1.015642828861018643e-05 4.983391136192949489e-06
3.169219940900802612e-02 7.650231476873159409e-03 4.119257908314466476e-03 9.562656050547957420e-04 4.926999099552631378e-04 1.045187309500761330e-04 5.319070987752638757e-05 1.096617324947146699e-05 5.516742476174840704e-06
3.061111643910408020e-02 7.242824882268905640e-03 3.798929974436759949e-03 8.383634849451482296e-04 4.526701231952756643e-04 1.044935270329006016e-04 5.405267802416346967e-05 9.993051207857206464e-06 5.014462203689618036e-06
3.938486427068710327e-02 7.540874648839235306e-03 3.916281741112470627e-03 8.799970382824540138e-04 4.742321325466036797e-04 1.062056326190941036e-04 5.452518598758615553e-05 1.112130394176347181e-05 5.565305855270707980e-06
3.180497512221336365e-02 7.682918570935726166e-03 3.936201333999633789e-03 8.960781851783394814e-04 4.794824635609984398e-04 1.066529584932141006e-04 5.465197318699210882e-05 1.112624977395171300e-05 5.564317234529880807e-06
1.596719771623611450e-02 5.765484645962715149e-03 3.326521022245287895e-03 8.415262564085423946e-04 4.645637818612158298e-04 1.061407674569636583e-04 5.447222429211251438e-05 1.111732490244321525e-05 5.566708296100841835e-06
