4.565871434738387791e+01 5.219312142902215612e+01 6.224341257226635094e+01 6.677236639497287740e+01 8.170426753381133267e+01 8.678965961708718169e+01 9.710964295910639521e+01 1.022496278979142090e+02 1.128072855808445922e+02
5.357580542294870440e+01 5.739116750864960181e+01 6.545779220868050174e+01 6.971551904146755874e+01 8.357572495075892505e+01 8.855603903117243192e+01 9.897210698130993478e+01 1.043803164234409877e+02 1.154872127355978364e+02
6.025527434810677363e+01 6.404946100741585724e+01 7.218190277126798549e+01 7.645175566057305616e+01 8.535621197985622644e+01 9.001625466697554145e+01 1.046240736033720253e+02 1.096696753681802505e+02 1.199988901750656396e+02
5.365077357659480128e+01 5.811046492019894316e+01 6.698392845652095673e+01 7.140946037224223630e+01 8.041938897446534895e+01 8.508142259052610257e+01 9.994901336471346553e+01 1.052094141228918431e+02 1.161230088163442389e+02
5.630452916367191563e+01 6.016756905927294241e+01 6.828133825200441720e+01 7.249826044373109823e+01 8.137762803189679062e+01 8.599182695106949836e+01 1.006434161839638648e+02 1.057973210838752607e+02 1.164967990825375779e+02
5.018965186459543304e+01 5.475154365238139320e+01 6.371614051919056720e+01 6.820917345546463650e+01 8.214503040464968819e+01 8.711444438612102203e+01 9.759510490981364228e+01 1.030628048737119968e+02 1.143038474265295292e+02
4.450947898632185229e+01 4.900285377142406418e+01 6.223981703456835390e+01 6.665766638453374071e+01 7.618531212318147539e+01 8.131361637268895493e+01 9.217361922170746880e+01 9.779880652520986928e+01 1.093017308165723733e+02
4.430223663755484864e+01 4.870162431960537219e+01 5.766597020896320203e+01 6.210632793879449309e+01 7.152249938677222474e+01 7.655508395309503555e+01 9.275190244930287520e+01 9.841246131736527047e+01 1.099954029337226444e+02
4.128922925628367580e+01 4.816181361414184892e+01 6.222881584857741899e+01 6.683164703272672114e+01 7.580483889235246409e+01 8.043546896740487284e+01 9.028568604618169502e+01 9.552240839837045883e+01 1.122546955665437451e+02
4.640335379365769342e+01 5.130794018294525927e+01 6.047705892625216251e+01 6.499515751318959644e+01 7.409092617044701967e+01 7.878798367536717251e+01 9.413748744157473425e+01 9.966228392161860938e+01 1.111350150165337425e+02
4.496602837829865962e+01 4.978574550368786333e+01 5.894885789232246509e+01 6.345462740169424620e+01 7.730387997470025141e+01 8.220058061792103388e+01 9.264350013587205979e+01 9.816059364293793976e+01 1.096267165098109047e+02
4.806177258027516785e+01 5.230575404363327152e+01 6.092823312180356510e+01 6.525792666854530921e+01 7.440945727166825918e+01 7.926899878479595429e+01 8.955590044630466195e+01 9.496463660389515837e+01 1.119678688076005955e+02
