3.002969524656976574e+01 4.443808188214312338e+01 5.166520775302862489e+01 6.313033777307218486e+01 6.869876927403653610e+01 8.145007448840866005e+01 8.728537345084541244e+01 1.010379054529998797e+02 1.070464962489512715e+02
4.349456497232498720e+01 5.202966739176675048e+01 5.637572816619912430e+01 6.740092312385245066e+01 7.249144570036708046e+01 8.485170006510820429e+01 9.039204314422755715e+01 1.036746453490495128e+02 1.094933288141798755e+02
4.881845665980353743e+01 5.764181054352118139e+01 6.184210153093105333e+01 7.211998915609943595e+01 7.691094511265583833e+01 8.810840433796975901e+01 9.305534049108102579e+01 1.051370906899649356e+02 1.106120589077461460e+02
4.213522470640606343e+01 4.961853081875938187e+01 5.428383963187053496e+01 6.610026273599956426e+01 7.154998207876141691e+01 8.436492926125929159e+01 9.011564495375182560e+01 1.036177761397457289e+02 1.094947275529487740e+02
4.587756787294672023e+01 5.478916509188842099e+01 5.888871944659093316e+01 6.942586618636377693e+01 7.436283214709503397e+01 8.639330671383588367e+01 9.177457517030532586e+01 1.046836257360595255e+02 1.103915752159783494e+02
3.525845207459710906e+01 4.613122801742289880e+01 5.169956001415813063e+01 6.451717307711203375e+01 7.026177874297363246e+01 8.360606526593383592e+01 8.943902566856419867e+01 1.030430802576613303e+02 1.089373827432692821e+02
3.316053100649318708e+01 4.494918736430789608e+01 5.042136690449017067e+01 6.263114339115371365e+01 6.832582098953487559e+01 8.182995339017028869e+01 8.763089779901469001e+01 1.013085687210447219e+02 1.074242693541825275e+02
3.075735802719463763e+01 4.345738888595009541e+01 4.876995830735567949e+01 6.179504274489708848e+01 6.748767565370543764e+01 8.094805813381486814e+01 8.683944480789051568e+01 1.005991819654810797e+02 1.066649400254223821e+02
3.116785033546768346e+01 4.385514226526982640e+01 4.976370416798225449e+01 6.260582293623506445e+01 6.795283906004947028e+01 8.090437826538939703e+01 8.671555286777162053e+01 1.013081389095517011e+02 1.073041665952826094e+02
3.044076280484372177e+01 4.386275244855121969e+01 4.952584861496842450e+01 6.218121796061269180e+01 6.762339875888361007e+01 8.080427694798788707e+01 8.664687863960976699e+01 1.005126380566939162e+02 1.065315210683219789e+02
3.087315514269468508e+01 4.375117997944303738e+01 4.938361186597371955e+01 6.204170258815946681e+01 6.754468474843204717e+01 8.076160767989117062e+01 8.662829300379242170e+01 1.005061459481412953e+02 1.065264435730622807e+02
3.660488821115291813e+01 4.543005538957806522e+01 5.041881563181789261e+01 6.241434774048957479e+01 6.772805378233715601e+01 8.079915223394563384e+01 8.665022654207946573e+01 1.005114883905223024e+02 1.065345889383852409e+02
