1.967760175466537476e-02 4.161020275205373764e-03 2.475342247635126114e-03 5.693224375136196613e-04 2.980765420943498611e-04 6.912343815201893449e-05 3.544989522197283804e-05 7.077006102917948738e-06 3.563495511116343550e-06
7.641444914042949677e-03 2.716230461373925209e-03 1.644878182560205460e-03 4.275706887710839510e-04 2.317992039024829865e-04 5.209375376580283046e-05 2.675373252714052796e-05 5.651317223964724690e-06 2.845188191713532433e-06
4.127108957618474960e-03 1.511032809503376484e-03 9.042700985446572304e-04 2.701311314012855291e-04 1.558314834255725145e-04 3.982494672527536750e-05 2.191482781199738383e-05 5.138822871231241152e-06 2.592797272882307880e-06
8.104365319013595581e-03 3.848892170935869217e-03 2.154685091227293015e-03 4.572387551888823509e-04 2.447988372296094894e-04 5.337408219929784536e-05 2.726008096942678094e-05 5.593354671873385087e-06 2.856460469047306105e-06
5.342500284314155579e-03 1.972394762560725212e-03 1.205119420774281025e-03 3.510058159008622169e-04 1.927523262565955520e-04 4.660745980800129473e-05 2.458324343024287373e-05 5.242647148406831548e-06 2.706864279389264993e-06
1.709986105561256409e-02 4.801864270120859146e-03 2.376051852479577065e-03 5.098846741020679474e-04 2.622357860673218966e-04 5.680834510712884367e-05 2.865046008082572371e-05 5.940864411968505010e-06 3.004055997735122219e-06
2.571026422083377838e-02 5.081204231828451157e-03 2.661424223333597183e-03 6.081239553168416023e-04 3.123102942481637001e-04 6.622495129704475403e-05 3.375016240170225501e-05 6.748886789864627644e-06 3.383986040716990829e-06
2.425952069461345673e-02 5.735358688980340958e-03 3.003331832587718964e-03 6.600533961318433285e-04 3.440876025706529617e-04 7.145820563891902566e-05 3.607698454288765788e-05 7.335691407206468284e-06 3.602953029258060269e-06
2.233235165476799011e-02 5.123681854456663132e-03 2.742210868746042252e-03 6.270241574384272099e-04 3.332410124130547047e-04 7.240348350023850799e-05 3.670272053568623960e-05 6.882127763674361631e-06 3.450753411016194150e-06
2.226319909095764160e-02 5.334996618330478668e-03 2.848096424713730812e-03 6.548127275891602039e-04 3.414698585402220488e-04 7.303023448912426829e-05 3.689185905386693776e-05 7.385418484773254022e-06 3.671190142995328642e-06
2.264456078410148621e-02 5.412909202277660370e-03 2.885813592001795769e-03 6.579702021554112434e-04 3.410970384720712900e-04 7.281416037585586309e-05 3.698503496707417071e-05 7.381200703093782067e-06 3.652951590993325226e-06
1.963670924305915833e-02 4.945952910929918289e-03 2.703529084101319313e-03 6.471291999332606792e-04 3.384638694114983082e-04 7.241635466925799847e-05 3.683162140077911317e-05 7.381637260550633073e-06 3.677805580082349479e-06
