7.859734445810317993e-02 1.515515986829996109e-02 7.375666871666908264e-03 1.368577941320836544e-03 7.078420603647828102e-04 1.578212250024080276e-04 8.606039773439988494e-05 1.792913099052384496e-05 9.252560630557127297e-06
9.230085648596286774e-03 3.077137283980846405e-03 1.904138247482478619e-03 5.362979136407375336e-04 3.036052512470632792e-04 7.799257582519203424e-05 4.202466516289860010e-05 9.689676517155021429e-06 5.075009084976045415e-06
5.793096031993627548e-03 1.761502702720463276e-03 1.078056055121123791e-03 3.449615614954382181e-04 2.013096964219585061e-04 5.432454054243862629e-05 3.101581023656763136e-05 7.828204616089351475e-06 4.139816610404523090e-06
9.312133304774761200e-03 4.490511957556009293e-03 2.517103683203458786e-03 6.260244408622384071e-04 3.382108698133379221e-04 8.024222188396379352e-05 4.300387809053063393e-05 9.675678484200034291e-06 5.035300546296639368e-06
9.529522620141506195e-03 3.119678236544132233e-03 1.889799837954342365e-03 5.459082894958555698e-04 3.008473722729831934e-04 7.115142943803220987e-05 3.846477557090111077e-05 9.072332431969698519e-06 4.776563400810118765e-06
2.136973105370998383e-02 6.546286400407552719e-03 3.445791080594062805e-03 8.143149898387491703e-04 4.307705967221409082e-04 9.976235742215067148e-05 5.201735257287509739e-05 1.125523340306244791e-05 5.774952569481683895e-06
5.919734388589859009e-02 1.215660665184259415e-02 5.922328215092420578e-03 1.331357751041650772e-03 7.220981060527265072e-04 1.668484765104949474e-04 8.877506479620933533e-05 1.795702337403781712e-05 9.266535016649868339e-06
7.146655023097991943e-02 1.345804985612630844e-02 7.016038987785577774e-03 1.660574111156165600e-03 8.710824185982346535e-04 1.792354014469310641e-04 9.119521564571186900e-05 1.873682595032732934e-05 9.475887054577469826e-06
8.122143149375915527e-02 1.494004111737012863e-02 7.429588586091995239e-03 1.467318041250109673e-03 7.415031432174146175e-04 1.704207970760762691e-04 8.952800271799787879e-05 1.737827915349043906e-05 7.719798304606229067e-06
7.935537397861480713e-02 1.571207866072654724e-02 7.536349352449178696e-03 1.503770472481846809e-03 7.738322019577026367e-04 1.740219158818945289e-04 9.079206211026757956e-05 1.914107997436076403e-05 9.612409485271200538e-06
4.660248011350631714e-02 1.523613464087247849e-02 7.499234285205602646e-03 1.511839916929602623e-03 7.851685513742268085e-04 1.752225361997261643e-04 9.125888755079358816e-05 1.915489883685950190e-05 9.614532245905138552e-06
2.003592811524868011e-02 1.045711338520050049e-02 6.099835969507694244e-03 1.409773132763803005e-03 7.427719538100063801e-04 1.734302932163700461e-04 9.088575461646541953e-05 1.911629078676924109e-05 9.606885214452631772e-06
