7.613536868552286023e+02 1.852071356605227379e+02 1.218136592092344443e+02 5.906897839020494700e+01 4.527357462941315447e+01 2.855346436327773318e+01 2.419629583746283430e+01 1.740254790703906806e+01 1.508612821458991604e+01
4.792944785276074072e+03 7.236361268099948347e+02 3.907761204528313783e+02 1.253398276076011086e+02 8.829741394534036658e+01 4.545369836289414422e+01 3.650259843746977140e+01 2.331424596016574569e+01 1.966067638624971536e+01
5.873025195278088177e+03 1.141748016212821767e+03 5.773705390908723984e+02 1.165510674329510863e+02 6.481322449032501254e+01 2.096200071396574316e+01 1.413792650059598444e+01 7.188521196828395965e+00 5.927840047432204607e+00
7.871350645057185602e+02 2.078405779630791983e+02 1.476265343932918483e+02 8.049533610022635344e+01 6.629677486079334869e+01 4.579784191409332550e+01 4.003359619392594482e+01 3.019086665901831523e+01 2.686674871771725037e+01
1.747335313646688883e+04 2.635115549816859584e+03 1.219199960985601138e+03 3.562560340865773583e+02 2.385097908269134450e+02 1.183424950148224042e+02 9.257022145574079275e+01 5.771959129911792985e+01 4.841039622941105591e+01
4.323202628507197915e+03 5.775172533279431946e+02 3.184855375717388597e+02 1.181537298178660222e+02 8.573682225042010430e+01 4.985310781781480927e+01 4.063677831621509284e+01 2.819920709469491271e+01 2.460430132395745417e+01
5.111167901865575914e+03 8.799795844736402159e+02 5.091286771818709553e+02 1.928896998829159486e+02 1.411962712888677913e+02 8.035161868335838165e+01 6.607734485369815047e+01 4.472866029163981239e+01 3.759196404103087730e+01
5.858917272088117898e+03 7.077741917218730805e+02 3.805971569392376637e+02 1.331937462872243145e+02 9.643685122108341545e+01 5.213968220863694114e+01 4.195556569947899561e+01 2.718435094779598771e+01 2.251260480743168202e+01
1.622191580825695610e+03 2.007375096103082797e+02 1.101270646071437227e+02 3.625810549948440809e+01 2.499653173122229433e+01 1.285244950979472378e+01 1.018770437808445450e+01 6.528498397057788338e+00 5.563712885931813013e+00
5.800127602807261610e+03 1.168470005374962057e+03 6.312533535334406452e+02 8.330570360830324717e+01 4.290125760746550299e+01 1.252893243723067407e+01 8.991387509560093250e+00 5.312294098800914632e+00 4.578536553204425985e+00
3.827458185019328539e+03 5.456370858614518511e+02 2.106056808776359901e+02 3.687008383519662402e+01 2.064369945003120321e+01 8.378676636621570140e+00 6.701784464043887724e+00 4.537462218253656587e+00 3.962229021671372031e+00
3.823653118189117777e+03 5.369559964560904746e+02 2.099640541539288563e+02 4.015880397443650907e+01 2.175405560858710885e+01 8.682825752705481293e+00 6.875135912843076902e+00 4.579800341772179983e+00 3.974487605083464992e+00
5.857544517338331389e+03 3.891050583657587367e+02 1.457995868039710103e+02 2.961505463533354288e+01 1.690442458099425238e+01 7.958956615807077029e+00 6.310467291996112671e+00 4.385616178853847913e+00 3.886021436848654087e+00
