7.501819191153854263e+02 1.827625658402143358e+02 1.218846288856819626e+02 5.780350162052116758e+01 4.504971235758659986e+01 2.818793573263404539e+01 2.387584180249235288e+01 1.695730354455124456e+01 1.489832711154362599e+01
4.444444444444444343e+03 6.821933881816817120e+02 3.899380388456274318e+02 1.259828235018437539e+02 8.837232320233020744e+01 4.611673991542189555e+01 3.633715648669114984e+01 2.307891674026917883e+01 1.945714563673509190e+01
8.820675663755842834e+03 1.603746351477050439e+03 7.106057914372001960e+02 1.462495045798032436e+02 7.455470339529574630e+01 2.301265051424068986e+01 1.518665154076173174e+01 7.609942359252594102e+00 6.061009393231137743e+00
7.785069793150695432e+02 2.068778613794202101e+02 1.463863076103313574e+02 7.955405180718962299e+01 6.522416894625136763e+01 4.472715985218567880e+01 3.910271775619220591e+01 2.897951814595997888e+01 2.543686544559537666e+01
1.482359916987844736e+04 2.557544757033248061e+03 1.210976289084259633e+03 3.530475060724170930e+02 2.382841633962165133e+02 1.173714430584181088e+02 9.129276952136113721e+01 5.665776950826155201e+01 4.724835056008194556e+01
4.245383145828911438e+03 5.920172395420154317e+02 3.257551819505569028e+02 1.161131359951882729e+02 8.556794008875107238e+01 4.918159369019825533e+01 4.036346492899259175e+01 2.713405989301040222e+01 2.363863896281216626e+01
4.868786211597448528e+03 8.719612151651494969e+02 5.022753071413503108e+02 1.907083097331800161e+02 1.407075337627727265e+02 7.966108985930257802e+01 6.565039849791888571e+01 4.349997303001671867e+01 3.738997066382901835e+01
5.609468783306220757e+03 7.391365406931622601e+02 3.796997334507871074e+02 1.346005526698692734e+02 9.558219112614938240e+01 5.166874547252617589e+01 4.144060814921271430e+01 2.682311336949804215e+01 2.249641857016363033e+01
1.712240809547454774e+03 2.185577374903014913e+02 1.134413219090359348e+02 3.768773674965129317e+01 2.570448936618127078e+01 1.315205764599474492e+01 1.043857898371665271e+01 6.584849039372590696e+00 5.587068484162393212e+00
7.987858455148174471e+03 1.626492306691389331e+03 8.660033081326370166e+02 9.824157406579631413e+01 4.838863428402483180e+01 1.343349526516309211e+01 9.633663565686701347e+00 5.578539136799167686e+00 4.736998974723942268e+00
8.024394158241052537e+03 7.721709586502452112e+02 2.614645676291177665e+02 4.271377711523963683e+01 2.279563892072679820e+01 8.949279421919506206e+00 6.906707442025616039e+00 4.603216755488035439e+00 4.040728441511648228e+00
9.340556697179152252e+03 7.588750436353150235e+02 2.697868414165967579e+02 4.388786825213053788e+01 2.375371953555777438e+01 9.027134030282242705e+00 7.038881797606526547e+00 4.693184252771149367e+00 4.114007880052973576e+00
5.092168245238822237e+03 3.766733714526785093e+02 1.489478325111412857e+02 2.895837870145996717e+01 1.749219323415959337e+01 7.940000276312009220e+00 6.365447333402716623e+00 4.420695095066385250e+00 3.888528033487381297e+00
