3.401939105290015505e+03 5.750960410388535138e+02 3.587315253264457056e+02 1.566021100568308952e+02 1.128594290667202387e+02 6.403586008164572263e+01 5.503634875653625613e+01 3.872093896728158313e+01 3.362233975845038714e+01 2.621904808599638059e+01
6.905123601712471100e+03 2.106105600134790620e+03 1.280672096716356691e+03 4.003843689942344781e+02 2.443643472417374198e+02 1.138898980799302052e+02 9.257090700048969723e+01 4.962045315382638222e+01 3.583539655629006404e+01 2.675324015179788617e+01
6.332320162107395845e+03 1.593270027404244502e+03 9.477594965501554043e+02 3.304692663582287082e+02 2.070101931819122854e+02 5.845478288724540050e+01 3.335095375389997940e+01 1.505616174172087973e+01 1.210160458805714434e+01 9.014234016365882951e+00
5.148270181219110782e+03 6.872852233676975402e+02 4.245617461375495054e+02 2.240580041361107533e+02 1.743508916304597847e+02 1.036920594694699531e+02 9.264886820142605472e+01 6.995663388265613492e+01 6.410589267776083489e+01 5.195566311532390813e+01
1.385425325574951421e+04 5.715592135345221322e+03 3.584229390681003679e+03 1.083658430862592013e+03 5.945055794348629661e+02 2.808113200659345239e+02 2.321311262305851244e+02 1.294175047528578659e+02 9.650506892874548726e+01 5.553050512768684399e+01
5.583161185863436003e+03 1.923409820930545720e+03 1.047745774965162354e+03 2.752205204420041582e+02 2.068076957279734245e+02 1.228128565410741402e+02 9.399644693430587949e+01 5.505416504027487434e+01 4.846825765338022762e+01 3.669615692157407238e+01
1.121956692471670613e+04 3.667436828400630930e+03 1.873045009271572781e+03 5.940252935970013368e+02 3.769303545783845379e+02 2.181715046197816150e+02 1.736093026808748618e+02 8.894122585912776913e+01 6.423915466411594366e+01 4.748626697159181731e+01
5.821060597240817515e+03 2.039900452857900518e+03 1.151145389662714479e+03 3.128304271386652431e+02 2.142626045333681759e+02 1.100547081954439506e+02 8.753838558207773701e+01 3.978859523579318136e+01 3.484971409294558242e+01 2.720371885718265403e+01
1.853705557409261019e+03 6.066267910656006279e+02 3.005602442953665445e+02 6.843292034065908069e+01 5.035163061238156956e+01 2.689622414667694628e+01 1.906849632702623865e+01 1.167739196193730677e+01 9.599040403128979548e+00 6.607605684523170098e+00
4.539470697716646100e+03 9.490907710413423501e+02 6.266999235426093264e+02 2.792227555376853161e+02 1.413309702795102680e+02 2.511634519000640609e+01 1.802035579390479469e+01 1.230412449017860155e+01 9.966649597118124149e+00 6.184846890095085037e+00
1.520796897574329023e+03 5.676786484706736928e+02 4.117378218245750077e+02 1.141527752251948868e+02 4.932763960831881178e+01 1.700695023035063613e+01 1.537779001166405379e+01 9.166116241386371044e+00 7.570759727252781346e+00 5.099018867185651338e+00
1.473578733311720953e+03 5.871956124743835517e+02 4.161603382551229515e+02 1.203314409208724527e+02 5.373336750775506943e+01 1.691456941510941192e+01 1.463611329229854974e+01 1.011995690922348068e+01 7.621116498139647533e+00 5.114471330140505145e+00
3.166059838530948127e+03 6.897265234334586239e+02 4.520550422219409370e+02 1.054694339033604678e+02 4.421617109182106731e+01 1.720199563791794617e+01 1.485414639385145286e+01 9.375150881334496589e+00 7.551798351276280741e+00 4.959568604819788007e+00
