3.854784850317147971e+01 4.864289233656278100e+01 5.350281395666192452e+01 6.601414153317317357e+01 7.155139930813166416e+01 8.505551697235259212e+01 9.077397383242895046e+01 1.044599849105397169e+02 1.103766391990538693e+02
4.349672377628942144e+01 5.189286033295018541e+01 5.649822511304003569e+01 6.783158771160478295e+01 7.307156952384147530e+01 8.587197110673886868e+01 9.153317251787889575e+01 1.049643985292119197e+02 1.108285075690289290e+02
3.373841176924008778e+01 4.799017230309125637e+01 5.254719266977494385e+01 6.428130933877055497e+01 6.955157680377831753e+01 8.229061382186984019e+01 8.811072011019030015e+01 1.018095764301168629e+02 1.077640922177588578e+02
3.993793917826806705e+01 5.030507121555253036e+01 5.550604134812913060e+01 6.781738407700275673e+01 7.308274223053884100e+01 8.623016803051683610e+01 9.212719146523348002e+01 1.056100739133104867e+02 1.115604818009466328e+02
4.787426002547040582e+01 5.541103653300659460e+01 5.942434585925822432e+01 7.049914529020865928e+01 7.540973949458097536e+01 8.784602390295711416e+01 9.313355420450349698e+01 1.064864927103043897e+02 1.122006677902427612e+02
3.984202199744195383e+01 5.020348076658387981e+01 5.496465238987525481e+01 6.730055805903528210e+01 7.260086313870007757e+01 8.586593952937526808e+01 9.158472800793927604e+01 1.052430767699192558e+02 1.111486593124890732e+02
4.540238331854136788e+01 5.489977094176899186e+01 5.928802199861073774e+01 7.061465778286590478e+01 7.540960612059382129e+01 8.799505770197164622e+01 9.345117611882875508e+01 1.065578371984836537e+02 1.121500460217335728e+02
4.032557078993963273e+01 5.043393148928338832e+01 5.536721783827768206e+01 6.744300288776530294e+01 7.278891800192766937e+01 8.589591199902352514e+01 9.166562562308752149e+01 1.051029192877356309e+02 1.107715354396156044e+02
3.368288958485874218e+01 4.567936686655970391e+01 5.069450929632047576e+01 6.392556798285090736e+01 6.953727050532988585e+01 8.291382893550206745e+01 8.873515434213267383e+01 1.023443057724048089e+02 1.082563661025010759e+02
3.173627542246703825e+01 4.572279408555526459e+01 5.091124266452786173e+01 6.303316731096667525e+01 6.847347901097039369e+01 8.182170988137359302e+01 8.775750211172650950e+01 1.018449071491023687e+02 1.081248012474024875e+02
3.265254707477291163e+01 4.453920831780062883e+01 4.979757406733432390e+01 6.232779635779662897e+01 6.804811400152340184e+01 8.179409182643277632e+01 8.778118708223040301e+01 1.016794578647593852e+02 1.077175668891643312e+02
3.272645014094504035e+01 4.475688435331908011e+01 4.985177643402725067e+01 6.234873876264717296e+01 6.803813848727104130e+01 8.177245663033264123e+01 8.771450924654018877e+01 1.017667863097881025e+02 1.077778926497082637e+02
4.209360947350573667e+01 4.667679050016613473e+01 5.031414063575525830e+01 6.224924163046254932e+01 6.805681555257163495e+01 8.179845487993705433e+01 8.781057861203434811e+01 1.017178505410838056e+02 1.076845144500915978e+02
