1.199144311249256134e-02 3.678173525258898735e-03 2.098365221172571182e-03 5.175041733309626579e-04 2.764199743978679180e-04 6.190096610225737095e-05 3.207700865459628403e-05 6.877268333482788876e-06 3.511509021336678416e-06
6.255374290049076080e-03 2.432994544506072998e-03 1.463975291699171066e-03 3.990813856944441795e-04 2.193865075241774321e-04 5.179834624868817627e-05 2.739643423410598189e-05 6.164545993669889867e-06 3.222125087631866336e-06
1.340084988623857498e-02 4.964522551745176315e-03 2.619916805997490883e-03 7.073943270370364189e-04 3.923588083125650883e-04 9.808057075133547187e-05 5.158384374226443470e-05 1.086590600607451051e-05 5.457988663692958653e-06
1.078119874000549316e-02 3.158702282235026360e-03 1.752416719682514668e-03 4.097597557120025158e-04 2.158076531486585736e-04 4.770214945892803371e-05 2.468287493684329093e-05 5.321690423443214968e-06 2.757288712018635124e-06
3.592941910028457642e-03 1.528148888610303402e-03 9.045302285812795162e-04 2.560811990406364202e-04 1.437921309843659401e-04 3.522826227708719671e-05 1.883162804006133229e-05 4.308246843720553443e-06 2.285481059516314417e-06
7.416132837533950806e-03 2.528744749724864960e-03 1.499136909842491150e-03 3.909324877895414829e-04 2.145529288100078702e-04 5.002813122700899839e-05 2.643045991135295480e-05 5.830612280988134444e-06 2.980377530548139475e-06
5.543575156480073929e-03 1.937282388098537922e-03 1.141331274993717670e-03 2.998618874698877335e-04 1.635979715501889586e-04 3.795975499087944627e-05 1.998306288442108780e-05 4.478736627788748592e-06 2.322522732356446795e-06
7.117236498743295670e-03 2.406372455880045891e-03 1.420529908500611782e-03 3.785862354561686516e-04 2.068015310214832425e-04 4.933699165121652186e-05 2.621848398121073842e-05 6.145872703200438991e-06 3.293435156592749991e-06
2.126124501228332520e-02 5.900676827877759933e-03 3.257378935813903809e-03 8.192267850972712040e-04 4.085149266757071018e-04 9.106727520702406764e-05 4.693908704211935401e-05 1.001786131382687017e-05 1.001786131382687017e-05
2.619928866624832153e-02 6.496656686067581177e-03 3.391619073227047920e-03 8.534138905815780163e-04 4.709085333161056042e-04 1.074464744306169450e-04 5.447593139251694083e-05 1.095441166398813948e-05 5.480635991261806339e-06
2.252802625298500061e-02 6.701941601932048798e-03 3.767260815948247910e-03 9.593064896762371063e-04 5.157887935638427734e-04 1.090754012693651021e-04 5.479384708451107144e-05 1.096524829335976392e-05 5.484338089445373043e-06
2.321421355009078979e-02 6.555879488587379456e-03 3.692282130941748619e-03 9.464420727454125881e-04 5.115169333294034004e-04 1.090755758923478425e-04 5.471342228702269495e-05 1.097025688068242744e-05 5.480620529851876199e-06
7.363791577517986298e-03 4.904094152152538300e-03 3.535595722496509552e-03 9.821387939155101776e-04 5.192749085836112499e-04 1.085268668248318136e-04 5.452144978335127234e-05 1.095016887120436877e-05 5.477912054629996419e-06
