6.784086581319570541e-03 4.257073625922203064e-03 8.029922610148787498e-04 4.358932492323219776e-04 1.231283677043393254e-04 6.463715544668957591e-05 1.740638253977522254e-05 8.945638910518027842e-06 1.172230668089468963e-06
2.109780674800276756e-03 1.353001222014427185e-03 5.082890857011079788e-04 3.009490901604294777e-04 9.895885159494355321e-05 5.522338688024319708e-05 8.808972779661417007e-06 4.726127826870651916e-06 1.307481852563796565e-06
4.702429287135601044e-03 2.785536460578441620e-03 9.616364259272813797e-04 5.727305542677640915e-04 1.960947993211448193e-04 1.122176909120753407e-04 1.871967288025189191e-05 1.001026066660415381e-05 2.781667490125983022e-06
6.367383990436792374e-03 3.942770883440971375e-03 6.941096507944166660e-04 3.655680920928716660e-04 9.699945803731679916e-05 4.937811172567307949e-05 1.269448512175586075e-05 6.412327820726204664e-06 8.180363693099934608e-07
1.241882913745939732e-03 8.110096096061170101e-04 3.145836817566305399e-04 1.884687953861430287e-04 6.295759521890431643e-05 3.523343184497207403e-05 5.643902568408520892e-06 3.000315246026730165e-06 8.499182513332925737e-07
2.590049291029572487e-03 1.669197459705173969e-03 6.178585463203489780e-04 3.575326991267502308e-04 1.112789032049477100e-04 6.034529360476881266e-05 8.748620530241169035e-06 4.493905635172268376e-06 1.159560611085908022e-06
1.989900134503841400e-03 1.257786643691360950e-03 4.601634864229708910e-04 2.678277378436177969e-04 8.579935820307582617e-05 4.722536687040701509e-05 7.204132089100312442e-06 3.784882210311479867e-06 1.043278416545945220e-06
2.441879827529191971e-03 1.567481667734682560e-03 5.788921844214200974e-04 3.356027882546186447e-04 1.054415988619439304e-04 5.773720840807072818e-05 9.073371984413824975e-06 4.830677426070906222e-06 1.398850827172282152e-06
7.211753167212009430e-03 4.516381770372390747e-03 1.627682591788470745e-03 9.408165933564305305e-04 1.593762572156265378e-04 8.553543011657893658e-05 2.393236354691907763e-05 1.255962888535577804e-05 3.408456450415542349e-06
5.246928893029689789e-03 2.796942600980401039e-03 1.103912945836782455e-03 6.996646407060325146e-04 2.536892425268888474e-04 1.446234964532777667e-04 2.276367376907728612e-05 1.181932748295366764e-05 3.079177758991136216e-06
6.572488229721784592e-03 4.154920578002929688e-03 1.627429504878818989e-03 9.874771349132061005e-04 1.830946130212396383e-04 9.883687016554176807e-05 2.711397064558696002e-05 1.390270790579961613e-05 3.564307917258702219e-06
6.507587619125843048e-03 4.108967725187540054e-03 1.585347112268209457e-03 9.667794802226126194e-04 1.801792095648124814e-04 9.732507169246673584e-05 2.672837763384450227e-05 1.371175312669947743e-05 3.518523499224102125e-06
5.708002950996160507e-03 4.445853643119335175e-03 1.270464272238314152e-03 7.505163084715604782e-04 2.385819243500009179e-04 1.301329320995137095e-04 3.667233249871060252e-05 1.900063034554477781e-05 2.487988012944697402e-06
