1.204272732138633728e-02 3.999941516667604446e-03 2.209322992712259293e-03 4.765553749166429043e-04 2.506375894881784916e-04 5.365246033761650324e-05 2.681300429685506970e-05 5.561214948102133349e-06 2.883230763472965918e-06
6.804634816944599152e-03 2.589588286355137825e-03 1.531868008896708488e-03 4.298085405025631189e-04 2.281342603964731097e-04 5.018041338189505041e-05 2.523776129237376153e-05 5.568917458731448278e-06 2.729227162490133196e-06
1.612229458987712860e-02 4.507292062044143677e-03 2.258922904729843140e-03 5.587465711869299412e-04 3.023773897439241409e-04 6.899311847519129515e-05 3.587074752431362867e-05 7.287297648872481659e-06 3.600191803343477659e-06
9.323688223958015442e-03 2.997542032971978188e-03 1.811073510907590389e-03 4.247723263688385487e-04 2.291233540745452046e-04 4.733530658995732665e-05 2.370502261328510940e-05 4.910417828796198592e-06 2.464733370288740844e-06
4.016284830868244171e-03 1.730518881231546402e-03 1.185830100439488888e-03 3.223115636501461267e-04 1.894868473755195737e-04 4.352427640696987510e-05 2.197353933297563344e-05 4.659510523197241127e-06 2.316638074262300506e-06
1.104306429624557495e-02 3.208564594388008118e-03 1.825427170842885971e-03 4.552566970232874155e-04 2.280698827235028148e-04 4.843112765229307115e-05 2.494064028724096715e-05 5.179222171136643738e-06 2.601080723252380267e-06
5.745023954659700394e-03 2.128540538251399994e-03 1.107689924538135529e-03 3.382391878403723240e-04 1.790142123354598880e-04 4.217900641378946602e-05 2.327193215023726225e-05 4.658787020161980763e-06 2.326714593436918221e-06
9.660991840064525604e-03 2.964792307466268539e-03 1.784058404155075550e-03 4.253286169841885567e-04 2.183560281991958618e-04 4.769448059960268438e-05 2.433535519230645150e-05 5.349364528228761628e-06 2.725323383856448345e-06
2.046947740018367767e-02 5.001069046556949615e-03 2.661219798028469086e-03 5.894729401916265488e-04 3.111468104179948568e-04 6.496981950476765633e-05 3.309813473606482148e-05 6.896519607835216448e-06 3.392170583538245410e-06
2.209074050188064575e-02 4.802973940968513489e-03 2.726132515817880630e-03 6.486292113550007343e-04 3.450850490480661392e-04 7.209016621345654130e-05 3.636971086962148547e-05 7.324034413613844663e-06 3.440539785515284166e-06
2.199588343501091003e-02 5.467775743454694748e-03 3.064875490963459015e-03 7.064876263029873371e-04 3.560274490155279636e-04 7.235365774249657989e-05 3.636489418568089604e-05 7.310647561098448932e-06 3.606768586905673146e-06
2.098640054464340210e-02 5.568647757172584534e-03 3.013223176822066307e-03 6.903354660607874393e-04 3.570376429706811905e-04 7.304947212105616927e-05 3.677768108900636435e-05 7.274924428202211857e-06 3.626633997555472888e-06
8.224167861044406891e-03 4.729280248284339905e-03 2.889434341341257095e-03 6.935024866834282875e-04 3.586233069654554129e-04 7.171241304604336619e-05 3.654823376564309001e-05 7.352921329584205523e-06 3.646786808531032875e-06
