1.415700744837522507e-02 4.642474930733442307e-03 2.643437357619404793e-03 6.633985904045403004e-04 3.552612324710935354e-04 7.935104804346337914e-05 4.117080970900133252e-05 8.866450116329360753e-06 4.542699571175035089e-06
8.438413031399250031e-03 3.491319948807358742e-03 2.005591522902250290e-03 5.338203627616167068e-04 2.968659973703324795e-04 7.114462641766294837e-05 3.771450064959935844e-05 8.497578164678998291e-06 4.487042133405338973e-06
6.372160464525222778e-02 1.538989320397377014e-02 7.636088412255048752e-03 1.401696237735450268e-03 6.849772762507200241e-04 1.551941386424005032e-04 8.288466051453724504e-05 1.834589238569606096e-05 9.314009730587713420e-06
1.245393510907888412e-02 3.762853331863880157e-03 2.148614032194018364e-03 5.122961592860519886e-04 2.696677111089229584e-04 5.903101191506721079e-05 3.041770105483010411e-05 6.461177235905779526e-06 3.300230446257046424e-06
4.337556194514036179e-03 2.018164843320846558e-03 1.160030253231525421e-03 3.159681218676269054e-04 1.786002976587042212e-04 4.386393993627279997e-05 2.335303543077316135e-05 5.275868716125842184e-06 2.765456201814231463e-06
1.123391184955835342e-02 3.233390394598245621e-03 1.912084990181028843e-03 5.016556824557483196e-04 2.705490333028137684e-04 6.153373396955430508e-05 3.228117566322907805e-05 7.023924354143673554e-06 3.602089009291375987e-06
7.234770338982343674e-03 2.533523831516504288e-03 1.442987821064889431e-03 3.840727731585502625e-04 2.114602830260992050e-04 4.930600698571652174e-05 2.594924808363430202e-05 5.730928023695014417e-06 2.979547161885420792e-06
1.091642491519451141e-02 3.294755471870303154e-03 1.897476147860288620e-03 4.988607252016663551e-04 2.730703272391110659e-04 6.398092955350875854e-05 3.404471135581843555e-05 8.583158887631725520e-06 5.382707968237809837e-06
4.673103615641593933e-02 1.124187931418418884e-02 5.900438874959945679e-03 1.323366770520806313e-03 7.233823416754603386e-04 1.765108318068087101e-04 8.320210326928645372e-05 1.714786230877507478e-05 8.656224053993355483e-06
7.561787962913513184e-02 1.431209687143564224e-02 7.266470231115818024e-03 1.341408467851579189e-03 6.977872690185904503e-04 1.748391368892043829e-04 9.188274270854890347e-05 1.883880395325832069e-05 9.434524145035538822e-06
7.388714700937271118e-02 1.504704542458057404e-02 6.859374232590198517e-03 1.393136684782803059e-03 7.871154812164604664e-04 1.849315303843468428e-04 9.379343828186392784e-05 1.887497455754783005e-05 9.440139365324284881e-06
7.774303108453750610e-02 1.485049258917570114e-02 6.845379248261451721e-03 1.372575410641729832e-03 7.718473789282143116e-04 1.846425147959962487e-04 9.370944462716579437e-05 1.886671088868752122e-05 9.437456355954054743e-06
8.088008500635623932e-03 5.807731766253709793e-03 4.595657344907522202e-03 1.520455465652048588e-03 8.293399587273597717e-04 1.837812160374596715e-04 9.312143811257556081e-05 1.883361255750060081e-05 9.429861165699549019e-06
