3.862461380938437117e+01 4.885368577516579336e+01 5.377459491074324660e+01 6.593113739156261488e+01 7.144285967747455857e+01 8.458520600772453690e+01 9.028147070466209811e+01 1.038336765660359902e+02 1.097189410534392238e+02
4.352041753533118396e+01 5.250824423950690800e+01 5.678893728488115755e+01 6.810224823894999702e+01 7.332927707073926626e+01 8.587021808940545498e+01 9.135645705527180382e+01 1.044963364763310096e+02 1.102588748646305703e+02
3.248948307875733121e+01 4.598506271051378747e+01 5.191073739103215701e+01 6.384289222175577549e+01 6.886285092316795442e+01 8.134994842416961092e+01 8.699995690978924756e+01 1.007004470877263316e+02 1.066622331766793934e+02
3.986326840511849667e+01 5.033004440987880201e+01 5.548332325661826303e+01 6.792939104400846873e+01 7.341925578980695377e+01 8.637065350377177708e+01 9.209003695827945535e+01 1.053572279302952097e+02 1.111583364117248607e+02
4.852876303584257300e+01 5.679906969726335575e+01 6.083850031096767452e+01 7.149170463955555022e+01 7.654383033842256623e+01 8.854678138867782877e+01 9.397091062288083663e+01 1.068047295095476557e+02 1.123534088538023639e+02
4.192309901516998849e+01 5.131471862564468012e+01 5.592027489238891746e+01 6.774527534862544087e+01 7.297100839438273567e+01 8.585735523515140244e+01 9.148079956817309721e+01 1.048918230705880319e+02 1.107366007869209170e+02
4.489858565393274148e+01 5.432370359321350861e+01 5.871639046186178490e+01 7.039474149519166701e+01 7.567225185409101584e+01 8.815003924992907969e+01 9.372745719298380607e+01 1.066541389318427377e+02 1.124387256105726038e+02
4.211664972304312471e+01 5.169520111759930359e+01 5.643101996179190394e+01 6.799250355227573550e+01 7.327008393382685369e+01 8.594650251246589789e+01 9.162012042099166820e+01 1.045590979152195530e+02 1.101921633450784554e+02
3.385809141824792334e+01 4.562868831997377583e+01 5.080289440872546436e+01 6.304478655440486534e+01 6.859758577626283227e+01 8.198894566654195160e+01 8.780185156295225113e+01 1.012853059289900415e+02 1.071847163840431136e+02
3.098860419870403859e+01 4.471565452791804063e+01 5.028039022176321993e+01 6.226533538007029023e+01 6.761826656712622707e+01 8.071382181777426013e+01 8.667610009158316586e+01 1.006241127544329430e+02 1.069576558716991315e+02
3.146852743394321550e+01 4.413620869843562389e+01 4.913928894165331229e+01 6.144783062420492570e+01 6.698524813067605521e+01 8.062902937387100621e+01 8.665129341360170656e+01 1.006181899490530185e+02 1.066389120112223310e+02
3.186945985864173991e+01 4.423814425975756848e+01 4.926387635516493901e+01 6.155276205347738738e+01 6.703755220398609538e+01 8.064570678721791808e+01 8.666085081451201688e+01 1.006171687158329178e+02 1.066377652365112425e+02
4.247091350611550808e+01 4.658424379538409710e+01 4.972120609331707186e+01 6.128941728498043062e+01 6.695731399294598418e+01 8.067097358329426982e+01 8.669460059507565575e+01 1.006155896031763177e+02 1.066405408272485147e+02
