3.842257097008565836e+01 4.868735571792007022e+01 5.356237840925768978e+01 6.572172287114841538e+01 7.116861155176417242e+01 8.416605145591262271e+01 8.987612277370226366e+01 1.032516806052712468e+02 1.090901242302068681e+02
4.407493398403248364e+01 5.227717729769735655e+01 5.668932506076102129e+01 6.797877056978768451e+01 7.317580170915340432e+01 8.571368211263748549e+01 9.124611917660332949e+01 1.042019780559940756e+02 1.098371520727880579e+02
3.745735315330211535e+01 4.608245024292056513e+01 5.163424998482544481e+01 6.300676854681184125e+01 6.812633186384246642e+01 8.016834031135940108e+01 8.574972599547010077e+01 9.927868112173477755e+01 1.052593474139992793e+02
3.934665896252926132e+01 5.000982611612074180e+01 5.512725223803045793e+01 6.774941395581049619e+01 7.331866316143133133e+01 8.642924102417906340e+01 9.215208514521472694e+01 1.054790078617611471e+02 1.111903551423617103e+02
4.889099608651115858e+01 5.631668660170183216e+01 6.087153829666536353e+01 7.183244610752583981e+01 7.684529760083972860e+01 8.906217557922789752e+01 9.450224265091362952e+01 1.073139884296977300e+02 1.128204474698306399e+02
4.259644999450067360e+01 5.194190011837541476e+01 5.648317406119382866e+01 6.815796473505179165e+01 7.336931105284354260e+01 8.601571439284396092e+01 9.155790559455462585e+01 1.046857167391517152e+02 1.105145743892881285e+02
4.512420120380610200e+01 5.425614139404078884e+01 5.885176563888806811e+01 7.046157459366978060e+01 7.572444170889552595e+01 8.841353198730399754e+01 9.398675889892194846e+01 1.069768895100303752e+02 1.126808005306377538e+02
4.295377205512737362e+01 5.237274304271124947e+01 5.695099236011570554e+01 6.843670360111065065e+01 7.368892500675333679e+01 8.613654670742748465e+01 9.162784847841784597e+01 1.042283287867999491e+02 1.096470176565105703e+02
3.344822615454881998e+01 4.458196340866982865e+01 4.974263432725777534e+01 6.173191713249740076e+01 6.777584140420006520e+01 8.081275315214561772e+01 8.656930723229672253e+01 9.998449969860111253e+01 9.998449969860111253e+01
3.163420999995390304e+01 4.374620165587592879e+01 4.939185862173492580e+01 6.137680585259870725e+01 6.654126879303474595e+01 7.937615660306889254e+01 8.527590671491631724e+01 9.920821884850055028e+01 1.052233808322509390e+02
3.294553712867168116e+01 4.347598721509152142e+01 4.847948623142164593e+01 6.036085235064960841e+01 6.575056195843450269e+01 7.924546361289198160e+01 8.522536413223635066e+01 9.919963059716616272e+01 1.052175156077210971e+02
3.268492049508542863e+01 4.366738076622400655e+01 4.865410243011744029e+01 6.047811924006579432e+01 6.582279969534945963e+01 7.924544970733009563e+01 8.523812239102142030e+01 9.919566405642427753e+01 1.052234053360293160e+02
4.265797024261849657e+01 4.618882401054409570e+01 4.903074800398599820e+01 6.015654268474403210e+01 6.569205324102975396e+01 7.928925469817501437e+01 8.526865208663060969e+01 9.921158366347873425e+01 1.052276988885031273e+02
