5.761430678466076643e+02 1.536589263543497736e+02 1.040957514360008958e+02 5.176693490566770350e+01 4.092259164409785654e+01 2.637788857663330688e+01 2.245232865449256465e+01 1.617946259914976892e+01 1.426077016144903098e+01
3.351655717924654709e+03 5.550436819377684969e+02 3.236455434008673819e+02 1.085428662914701619e+02 7.681653829342842243e+01 4.161466567401817684e+01 3.337295815898743712e+01 2.136894139760142153e+01 1.822802456700238949e+01
5.279273571956498927e+03 1.219586560156106998e+03 5.460542122621933459e+02 1.085769256660651507e+02 6.010016293154171052e+01 1.896587792005768591e+01 1.326483725105879863e+01 6.882903638247800160e+00 5.651407827855404520e+00
5.981719864095324510e+02 1.761313799189091185e+02 1.290640661117772368e+02 7.268339838497489325e+01 6.059170220874931800e+01 4.263619599859300280e+01 3.738120719618143539e+01 2.815092612324306387e+01 2.466708074472876788e+01
1.331912626531699607e+04 1.819405782071575459e+03 8.934953538241601336e+02 2.949956930628812870e+02 2.029616158992011492e+02 1.044693011735036663e+02 8.171550257485549196e+01 5.234349687012060315e+01 4.450633792505221464e+01
2.821511201399469428e+03 4.399084990322012914e+02 2.662236704789896180e+02 1.013139404942701844e+02 7.685573947134011519e+01 4.503638264171711114e+01 3.741901589484957213e+01 2.614842578632238457e+01 2.293530112100871321e+01
3.449108405477184078e+03 6.854432418723567935e+02 4.062249917739439411e+02 1.665528555487083793e+02 1.244121525790639282e+02 7.324370744998370242e+01 6.051085685793744773e+01 4.105418947740069768e+01 3.529178008562491442e+01
3.840540748137337687e+03 5.639489964527608663e+02 3.029678732867166673e+02 1.155276030101872209e+02 8.439566375079648708e+01 4.719427665568141350e+01 3.788406868836261765e+01 2.431208351881426921e+01 2.115757314173034942e+01
1.191298753901503460e+03 1.673614958101049410e+02 9.539490629358354568e+01 3.228071308095195491e+01 2.273475452830840737e+01 1.191317913311369381e+01 9.539145744696783780e+00 6.198789091346162294e+00 6.198789091346162294e+00
4.431838326537847934e+03 1.483195396161490407e+03 6.158811103104657150e+02 7.031256042485661339e+01 3.772300899844656641e+01 1.145271899574313856e+01 8.349815869860437445e+00 5.182532688177113656e+00 4.478879463186589582e+00
7.338372349012988707e+03 5.177189303926897992e+02 1.784611650658700057e+02 3.217984672739003571e+01 1.795442699613279558e+01 7.826080695657182673e+00 6.320331063997397081e+00 4.361958453043648376e+00 3.841308773848861602e+00
7.464914899970140141e+03 5.181642477032369243e+02 1.797277842979023887e+02 3.334731697491815083e+01 1.875635957816947297e+01 8.067652103478932801e+00 6.484905151128769418e+00 4.438674168026010669e+00 3.901035869361642483e+00
3.758126949528354999e+03 2.646629913799263818e+02 1.071775750216230705e+02 2.318632507645110863e+01 1.419152714739802690e+01 7.195747428401773504e+00 5.945723511608520084e+00 4.183877745084027211e+00 3.691769034807290684e+00
