3.698057078887080706e+01 4.666500865525755870e+01 5.155661953504363026e+01 6.356450911216974475e+01 6.898904363757522162e+01 8.200894665695086871e+01 8.770821183241208985e+01 1.010450044995877192e+02 1.068537196810318193e+02
4.147478442414669786e+01 4.914020700174869205e+01 5.395515029384637273e+01 6.545209727839861102e+01 7.054879086115471409e+01 8.295715793556810524e+01 8.846983276177617483e+01 1.014140966376750157e+02 1.069607970482975787e+02
2.391426592552740971e+01 3.625528787768596573e+01 4.234258103790839556e+01 5.706692184677010715e+01 6.328647671504534600e+01 7.618249370322303093e+01 8.163051674009444980e+01 9.472922316656892860e+01 1.006172662536866511e+02
3.809386802978777808e+01 4.848965418477764189e+01 5.335683184599271556e+01 6.580957800084627252e+01 7.138342102101330511e+01 8.457839543997620524e+01 9.033747225334639097e+01 1.037937669141597752e+02 1.096291146688451903e+02
4.725509771464147235e+01 5.390086727119136611e+01 5.871061368718264362e+01 7.000713462581848034e+01 7.496235643286601658e+01 8.715784723623724517e+01 9.263313323544196010e+01 1.055541203981142360e+02 1.111646643064421198e+02
3.898937976550976714e+01 4.980683712345712166e+01 5.436985615389396287e+01 6.599188527922785852e+01 7.135508027007458054e+01 8.421773460798425504e+01 8.982101313776311713e+01 1.030684034863297569e+02 1.088689111953132027e+02
4.281150501196520253e+01 5.192550012351959765e+01 5.681474668743898349e+01 6.831172957583775940e+01 7.349542381706604033e+01 8.614200334190891795e+01 9.171750443866854141e+01 1.048355009186425235e+02 1.105169947187326045e+02
3.923839136049594600e+01 4.964353624147918254e+01 5.443647349355362763e+01 6.604041372557034606e+01 7.127450978456886332e+01 8.387898909028146477e+01 8.935900687171992729e+01 1.013270569586754277e+02 1.053799836324554633e+02
2.660789178716408543e+01 3.898322162666340773e+01 4.458231368619196644e+01 5.756639549208986750e+01 6.281264193820925357e+01 7.506457276874314744e+01 8.159731390045965327e+01 9.531580024754728697e+01 1.012534302199958489e+02
2.242751009362911674e+01 3.688593465816585137e+01 4.277353002605038057e+01 5.744877912869209524e+01 6.312553916853524782e+01 7.514722692230030532e+01 8.073532099104431836e+01 9.449893346715663256e+01 1.005055999945531511e+02
2.262862204898639007e+01 3.645097535923711263e+01 4.327431004659108282e+01 5.712012543125120345e+01 6.207923091378902569e+01 7.465978072711230595e+01 8.055655086944599930e+01 9.448227250208041994e+01 1.005004318828001999e+02
2.218677061764365277e+01 3.656518281217064015e+01 4.329204972090040826e+01 5.724927571313637031e+01 6.224937132598070377e+01 7.467336586951381605e+01 8.056433271954331587e+01 9.448607611159198427e+01 1.005029008755457482e+02
4.184316801931736052e+01 4.471986900017430600e+01 4.675304720090883848e+01 5.636052591756328667e+01 6.162534818429320893e+01 7.471397758349883134e+01 8.061900651309052535e+01 9.450132736142097656e+01 1.005098940252416497e+02
