3.412055666299458778e+01 4.761600336071707318e+01 5.212729491655995417e+01 6.489283399823486320e+01 7.051344401103753512e+01 8.320749336969363696e+01 8.900770088216344789e+01 1.030030085975389085e+02 1.089624756788229689e+02
4.233649026601628407e+01 5.132066769330326395e+01 5.567732519562818538e+01 6.737984149215085949e+01 7.269776119845383278e+01 8.566428694194414106e+01 9.145231238286775977e+01 1.049570062775045329e+02 1.109177800481572547e+02
4.768708130785110910e+01 5.641452211187504417e+01 6.087403659431750214e+01 7.136850724874329899e+01 7.614689590160236321e+01 8.799689592983826003e+01 9.318523874623572567e+01 1.057827270328410663e+02 1.117246287753761322e+02
4.182561981185030930e+01 4.829328511520100164e+01 5.333232386631388522e+01 6.679713932531821285e+01 7.222381298755269086e+01 8.545339159735524959e+01 9.128945717067031751e+01 1.050465528279751766e+02 1.108834356364685334e+02
4.544510892103708954e+01 5.410012318704428225e+01 5.837939829475320153e+01 6.909371375087006584e+01 7.430000743811530128e+01 8.663089132535620251e+01 9.218721636639600092e+01 1.056089874219476030e+02 1.113506703791593111e+02
3.534014836879541832e+01 4.637180239816053984e+01 5.248288171994454387e+01 6.585056083352489509e+01 7.162616085009119615e+01 8.491175724079189990e+01 9.085736799123758090e+01 1.045230071877998768e+02 1.104458395207029611e+02
3.179786920299616781e+01 4.588066697770992164e+01 5.149771789289853530e+01 6.432015776904299287e+01 7.010827400982505253e+01 8.357956704836320228e+01 8.943448266110746658e+01 1.034153571386078738e+02 1.094114287427553478e+02
3.230235567840858124e+01 4.482878832326246510e+01 5.044793361509412932e+01 6.360841860105939816e+01 6.926661949336163104e+01 8.291895786815717884e+01 8.885539539328561887e+01 1.026911789310744609e+02 1.088668279924473552e+02
3.302131084361928970e+01 4.580835689604700178e+01 5.123798304336173715e+01 6.405431453457863711e+01 6.954483109556947795e+01 8.280481076762143289e+01 8.870603486218094247e+01 1.032455453830849308e+02 1.092417214809987200e+02
3.304824859901570733e+01 4.545731703047299277e+01 5.090890622758425366e+01 6.367765775600153688e+01 6.933295250713820224e+01 8.272994609803797061e+01 8.866138918524816859e+01 1.026324978188794859e+02 1.087038624275170378e+02
3.290072197026827894e+01 4.533138515661035939e+01 5.079463450836820471e+01 6.363587548129252980e+01 6.934244102556186817e+01 8.275568307992739392e+01 8.863947932726354395e+01 1.026374597112010179e+02 1.087471216606276698e+02
3.413862580687187886e+01 4.611500045508943657e+01 5.136137907995635032e+01 6.378018006772593651e+01 6.940975369778639958e+01 8.280326681403988687e+01 8.867558324445388962e+01 1.026369460037551562e+02 1.086882246521987696e+02
