3.012482821941375732e-02 5.940063856542110443e-03 2.768776612356305122e-03 6.207886617630720139e-04 3.266053099650889635e-04 7.567348075099289417e-05 3.892511449521407485e-05 7.909277883300092071e-06 3.914007265848340467e-06
7.321139331907033920e-03 2.726957667618989944e-03 1.630236394703388214e-03 4.335548728704452515e-04 2.387843705946579576e-04 5.478482853504829109e-05 2.842428693838883191e-05 6.037621915311319754e-06 3.071196488235727884e-06
3.783146152272820473e-03 1.380707719363272190e-03 8.491037297062575817e-04 2.566100447438657284e-04 1.487370900576934218e-04 4.009539770777337253e-05 2.216860229964368045e-05 5.306157163431635126e-06 2.762127223832067102e-06
7.879490964114665985e-03 3.610502928495407104e-03 2.023412147536873817e-03 5.028480081818997860e-04 2.573924139142036438e-04 5.592500383500009775e-05 2.874902565963566303e-05 6.062381999072385952e-06 3.091927965215290897e-06
5.392428953200578690e-03 1.962786540389060974e-03 1.225034007802605629e-03 3.530610119923949242e-04 1.964265684364363551e-04 4.765233825310133398e-05 2.544731614761985838e-05 5.567180778598412871e-06 2.852037368938908912e-06
1.733058877289295197e-02 4.786907695233821869e-03 2.529558027163147926e-03 5.464456044137477875e-04 2.843921247404068708e-04 6.045526606612838805e-05 3.106581061729229987e-05 6.446647603297606111e-06 3.258088781876722351e-06
2.521902322769165039e-02 5.573250818997621536e-03 2.889583818614482880e-03 6.610731943510472775e-04 3.405338211450725794e-04 7.257010292960330844e-05 3.709709562826901674e-05 7.535199983976781368e-06 3.780515953621943481e-06
2.809579111635684967e-02 6.234914064407348633e-03 3.256586845964193344e-03 7.311051012948155403e-04 3.769136674236506224e-04 7.953401654958724976e-05 4.008354517281986773e-05 8.218295988626778126e-06 4.042614818899892271e-06
2.026737853884696960e-02 5.475033074617385864e-03 2.951853210106492043e-03 6.796660018153488636e-04 3.622756048571318388e-04 7.993030885700136423e-05 4.071549119544215500e-05 7.626160368090495467e-06 3.821058271569199860e-06
2.681262232363224030e-02 5.768916103988885880e-03 3.041584743186831474e-03 7.065838435664772987e-04 3.746419388335198164e-04 8.084211731329560280e-05 4.096920747542753816e-05 8.278400855488143861e-06 4.136015832045814022e-06
2.687899209558963776e-02 5.807440262287855148e-03 3.100602189078927040e-03 7.158570224419236183e-04 3.766400623135268688e-04 8.090220217127352953e-05 4.097549390280619264e-05 8.277807864942587912e-06 4.139571046835044399e-06
1.598504558205604553e-02 5.152078345417976379e-03 2.847414463758468628e-03 6.928359507583081722e-04 3.718499501701444387e-04 8.066853479249402881e-05 4.087326669832691550e-05 8.291139238281175494e-06 4.134541541134240106e-06
