1.308787386969626677e+05 4.727638190954773745e+04 1.270064124198447462e+04 6.198751420711920446e+02 1.857870045202641620e+02 3.509475016781728840e+01 2.150421463254223653e+01 9.703737742322477544e+00 7.499108145766730793e+00
1.006921155904388070e+04 1.052095972445105417e+03 5.105099130157960872e+02 1.380467345715997567e+02 9.146784600903303897e+01 4.246077523410293253e+01 3.240913594526732311e+01 1.975274634139582020e+01 1.651495917734859731e+01
3.912392570002772118e+04 4.249930357398303386e+03 2.159796141690707827e+03 5.777627659901127117e+02 3.738491066378614960e+02 1.498317816545783785e+02 1.085917070701765823e+02 5.298187289343837136e+01 4.113080269987928261e+01
2.414474528422943695e+04 2.024132675930076175e+03 9.710080607705724560e+02 2.268522165191237718e+02 1.402240385059661207e+02 5.520712059188042531e+01 3.951157898273503122e+01 2.139819428474731211e+01 1.753969268996766218e+01
3.893502552076148277e+04 3.657616795179161727e+03 1.590353299149152008e+03 3.477410201709258217e+02 2.045302612246524632e+02 7.447112087031790395e+01 5.157827813272160000e+01 2.676473194657238253e+01 2.145586611430076118e+01
6.938991259880269354e+03 7.675019069257094770e+02 4.034585016256844483e+02 1.061886771582414042e+02 6.776486044806104303e+01 2.921634635117346335e+01 2.216683741692099119e+01 1.340836264908275943e+01 1.131436601577192391e+01
6.869493258044102731e+03 4.396696557992885346e+02 1.813486067789193896e+02 3.808040180868416513e+01 2.414053238495527509e+01 1.107034343481252670e+01 8.738662035728971489e+00 5.812084520978872959e+00 5.020630809779418335e+00
2.494928199212379241e+03 2.037307324171802634e+02 9.811784361842921953e+01 2.387909179245055569e+01 1.588328263399345985e+01 7.457086677615035519e+00 5.857776754345661807e+00 4.003227375130872012e+00 3.519999283628263864e+00
4.629541540227999940e+04 2.158565545090571050e+03 5.984421928886222304e+02 8.999116158234458851e+01 4.421756344681421780e+01 1.287818988609002879e+01 8.807429596108953263e+00 4.893597118977920601e+00 4.137844950709813396e+00
1.114295866398199723e+04 6.450123750779870306e+02 2.956470001634103255e+02 5.294661891265833731e+01 2.864858928231751634e+01 9.927832739233938497e+00 7.000670463516738273e+00 4.252460331331959331e+00 3.688953418271363915e+00
7.602526633355331796e+03 5.365356155360366301e+02 2.233680987397160891e+02 4.275481980155304029e+01 2.433953968311254457e+01 8.938640055463652700e+00 6.615713204894642985e+00 4.138041996229343766e+00 3.611034566265030499e+00
1.728352725045927582e+04 1.307156850485598852e+03 4.343831233291625153e+02 5.253657331205736369e+01 2.980343450158312280e+01 1.041497959237443638e+01 7.719445948691913806e+00 4.709657083099649810e+00 4.073557855302964548e+00
