2.209184254147008275e+01 3.638878955998946196e+01 4.264397413589976793e+01 5.727460928445371025e+01 6.300127269829288679e+01 7.603669179926841082e+01 8.130393302250455179e+01 9.492881519611422902e+01 1.006747612072182108e+02
4.069588538026145841e+01 5.023706255249425823e+01 5.440603046840949020e+01 6.541187785138109234e+01 7.035381442049163070e+01 8.215893472352570370e+01 8.752991476347347088e+01 1.002738144262902864e+02 1.058912635193238145e+02
4.474178544307172700e+01 5.508233372265298300e+01 5.934717313554843088e+01 6.924458589914097217e+01 7.392270612158789334e+01 8.530007876199042016e+01 9.016833738256507047e+01 1.021267566227816701e+02 1.076603779449898752e+02
4.061901631300376891e+01 4.695408285625116918e+01 5.198197789709226413e+01 6.406817421999596718e+01 6.941624877308065322e+01 8.191194108664578266e+01 8.732984755939739330e+01 1.002863714272401410e+02 1.059594920445996706e+02
4.041857709453913117e+01 5.011780393565362601e+01 5.447168385172453497e+01 6.525760621957873298e+01 7.043307554931503489e+01 8.295632740960837737e+01 8.829873594363741063e+01 1.008456208914111016e+02 1.064176890670874798e+02
3.340401887129481651e+01 4.368009996407476336e+01 4.925422115003883761e+01 6.178415141357871221e+01 6.731507896342944264e+01 8.002066593731542810e+01 8.567703510056907135e+01 9.897290988957122693e+01 1.047690315668876906e+02
2.455395558229026776e+01 3.830375270857486925e+01 4.455015055408600944e+01 5.751410457906156637e+01 6.282807588176876123e+01 7.555355509047517160e+01 8.103418004076328884e+01 9.491531304086683463e+01 1.006616525759208827e+02
2.291794362530811213e+01 3.742035734322619334e+01 4.307816012564222774e+01 5.559483474280027337e+01 6.119881503419757962e+01 7.493152414184825716e+01 8.080055890737244795e+01 9.454607954859051233e+01 1.004676024876179810e+02
2.180658721039860026e+01 3.651296414542928659e+01 4.258070469312496442e+01 5.666951485210891803e+01 6.259774007331656520e+01 7.536954815567631272e+01 8.096082208166592409e+01 9.519986461660164423e+01 1.022478809268107369e+02
2.200847314624049744e+01 3.607532710611963722e+01 4.245677955482300803e+01 5.645636894166542419e+01 6.222706403348062310e+01 7.518792108639230776e+01 8.083904239794955515e+01 9.436067124375031767e+01 1.003433547336304343e+02
2.663181940399013570e+01 3.634250396316014076e+01 4.249966156599733580e+01 5.640988384435186731e+01 6.210074207339572183e+01 7.512820075813517917e+01 8.079449659193699063e+01 9.435440274645515046e+01 1.003414367931771949e+02
3.396381070276369485e+01 3.961176365907353158e+01 4.429363686862232186e+01 5.701701540811376390e+01 6.258289006136745769e+01 7.521750083296994660e+01 8.083008365047498955e+01 9.437192743692236263e+01 1.003483479666009401e+02
