1.825555447753953558e+04 1.612694022964205260e+03 1.045002415901631139e+03 2.666914863108480631e+02 1.692538384802415692e+02 3.969709864758550566e+01 2.502237576127568275e+01 1.079838946979502090e+01 8.193734202915052833e+00
2.501462377027386174e+04 3.299142601651675250e+03 1.490628119338977513e+03 3.050807884712668283e+02 1.763804879085251116e+02 6.990381290823043514e+01 4.909204331976246038e+01 2.714630394905913136e+01 2.221764864871566658e+01
5.255865921787709522e+04 1.047447625763114411e+04 5.247754866779465374e+03 1.123403645569015680e+03 6.772860564117085005e+02 2.519161029407170531e+02 1.717353982470503411e+02 7.986746483195615554e+01 5.922342901010065219e+01
5.591679049034175114e+04 6.377152153283022017e+03 2.677824267782426887e+03 5.210509263404497915e+02 2.933540100237601678e+02 9.642958725136898579e+01 6.376393607656371643e+01 3.039194398122082674e+01 2.392951678849673769e+01
3.797120947127673571e+04 6.215918601065938674e+03 3.150509848133905507e+03 6.373767826293146754e+02 3.700474490404647554e+02 1.192259689908563445e+02 8.211596406902873468e+01 3.705357151648476588e+01 2.856432536997172278e+01
1.873046421342535905e+04 2.335418528448019060e+03 1.036134759193383161e+03 2.246618609745536048e+02 1.314940136073754786e+02 4.660241112658984264e+01 3.269714805312429462e+01 1.755065619082856188e+01 1.435247427116595809e+01
2.991050375417940359e+03 6.776202143252428414e+02 3.382896977099163678e+02 7.321451107251451162e+01 4.000872639312911616e+01 1.443281772385198458e+01 1.066364469615441735e+01 6.551408548195423620e+00 5.530475178509636436e+00
2.345539991938868297e+03 4.223559543076221985e+02 2.045924569579485137e+02 4.441297965553819438e+01 2.541984763762667043e+01 9.701051964696750574e+00 7.493373605260527093e+00 4.576524569340670645e+00 3.926740632061383796e+00
6.407119021134593822e+03 1.177059353418076171e+03 5.633049458828883189e+02 1.387516481182692587e+02 7.554074098657963532e+01 2.013773485729599244e+01 1.241801181928624942e+01 5.225955452840316262e+00 4.108846523882212054e+00
1.135774647887323954e+04 8.354114528682489436e+02 4.362395360627156151e+02 9.622746011362572460e+01 5.350114109798088435e+01 1.510910822161074663e+01 9.863998340482933003e+00 4.994760005843147610e+00 4.135754318492265824e+00
1.648116788321167769e+04 7.463645667229931178e+02 3.774278766271930294e+02 8.179629580791085175e+01 4.508909985708366008e+01 1.378067872088701051e+01 9.120499510214246541e+00 4.839041891994056321e+00 4.053180298970299411e+00
2.467780012240972428e+04 1.337665199803786436e+03 5.920189452774721985e+02 1.115603989043175091e+02 5.557570047800734159e+01 1.575185602924139161e+01 1.089701014635425125e+01 5.739151478125844363e+00 4.718013009757054732e+00
