2.897185831331928085e+01 4.325416595225138394e+01 4.972346194782880957e+01 6.168196149348679569e+01 6.764485511099628923e+01 8.010425575938793941e+01 8.577340924394398769e+01 9.943282039760036639e+01 1.057809024821387993e+02
4.406062825784420767e+01 5.248178042086745165e+01 5.674597288910652537e+01 6.748849280283297958e+01 7.244264667322715923e+01 8.451588951121117077e+01 8.999304664394755093e+01 1.030153861184761297e+02 1.087499156122409971e+02
4.933066303814526776e+01 5.822640803343207949e+01 6.227304303028227395e+01 7.239090417274880451e+01 7.710354749643242656e+01 8.810437230067249459e+01 9.297806412988674651e+01 1.051646075432778673e+02 1.105297384133693726e+02
4.205130138016453856e+01 4.981958261712452440e+01 5.438824880400432704e+01 6.599397779326156410e+01 7.130204607135831907e+01 8.386216793541322545e+01 8.942362690584596407e+01 1.027539659261721852e+02 1.085549909617207049e+02
4.550164933651592492e+01 5.471357113019153218e+01 5.888327419927840367e+01 6.955863698594018274e+01 7.447441018136790092e+01 8.621874155034171849e+01 9.148028766785503763e+01 1.041895910924312432e+02 1.098248212882731707e+02
3.547360323900537793e+01 4.662794278807093917e+01 5.174931248456231714e+01 6.433122473511923545e+01 6.948745404997804087e+01 8.256976128478510191e+01 8.838613978594437981e+01 1.018524943064202546e+02 1.077625039808241780e+02
3.136619912539471500e+01 4.460190440073450446e+01 4.984876422733228196e+01 6.171931729625175223e+01 6.714303485234155744e+01 8.028973800315732490e+01 8.594521554412941100e+01 9.986517987109391470e+01 1.060495004920844195e+02
2.998095240265648442e+01 4.232650847965233254e+01 4.770362031697118965e+01 6.038842929278974481e+01 6.614835034191548857e+01 7.961611744095415588e+01 8.548328427186051215e+01 9.919889794363567148e+01 1.051663457723100521e+02
3.028241661321483491e+01 4.280184030173936094e+01 4.840677423417537284e+01 6.153135291427229703e+01 6.688436337095704687e+01 7.961821223143397219e+01 8.534365568368441757e+01 1.000060377421608138e+02 1.059955127563376038e+02
2.809341293741783119e+01 4.245156556765925870e+01 4.814252144356253638e+01 6.111037579017279597e+01 6.648018045739301840e+01 7.947704899644267584e+01 8.526805688701840324e+01 9.907688579912047544e+01 1.050902192587284105e+02
2.995009879583146883e+01 4.228947539501906761e+01 4.809845391615121457e+01 6.095308190697785733e+01 6.638454543902010130e+01 7.944054185924522926e+01 8.524788306815474925e+01 9.907302389557708011e+01 1.050917623569271484e+02
3.593542593917632644e+01 4.478328360183277823e+01 4.956019455293355236e+01 6.149864658163123465e+01 6.665909303023116195e+01 7.948235553007775422e+01 8.527649781193490242e+01 9.907999403902250890e+01 1.050880307156357816e+02
