5.143647134206588589e+01 5.666527154651573994e+01 5.713762449347267847e+01 5.851756486188130424e+01 6.336707639172096407e+01 7.647036578191547562e+01 8.161710662974974184e+01 9.503438119624249225e+01 1.007159766509449241e+02
4.482308286209786985e+01 5.161380993485428803e+01 5.561041962281836959e+01 6.574150652797233363e+01 7.055434210745251278e+01 8.225004407067729062e+01 8.753499244260737555e+01 1.002683032718439335e+02 1.058979851931255354e+02
5.076378883192137437e+01 5.749234626098097323e+01 6.141756313759978525e+01 7.131195518029448976e+01 7.569308971882011861e+01 8.641733680189652489e+01 9.122594080966121055e+01 1.026537857385514485e+02 1.079219696756989180e+02
4.609763517465458449e+01 5.113754446747692839e+01 5.474075719929206230e+01 6.437763412110774652e+01 6.956847810231374751e+01 8.195895346076068222e+01 8.735423732222356819e+01 1.003084634187027149e+02 1.059839711896147776e+02
5.022594498950250852e+01 5.580331485293179838e+01 5.926271773948936783e+01 6.817648354525107379e+01 7.245577285606275098e+01 8.343117872015977809e+01 8.854567664503819913e+01 1.009211808778207740e+02 1.064625224884146348e+02
4.147285394612482889e+01 4.607528124559907212e+01 4.969208933741207090e+01 6.193321683820379775e+01 6.745928425898806324e+01 8.006501791708670623e+01 8.571559907100575515e+01 9.899926454138871179e+01 1.047952266642190011e+02
3.860639553149094638e+01 4.218937325919407044e+01 4.615667273154401329e+01 5.796977992641900101e+01 6.292896610254275913e+01 7.638964243239450980e+01 8.213751306530147644e+01 9.533097188391344901e+01 1.011089734739283585e+02
3.503758839724023488e+01 3.969341106614743353e+01 4.393996745077035371e+01 5.643605928966800178e+01 6.192873918106987219e+01 7.497678932289184672e+01 8.084874415120384583e+01 9.457135937375298340e+01 1.004755218012280693e+02
4.296531779770641890e+01 4.427551258134101175e+01 4.562613156486828814e+01 5.725302335670523490e+01 6.287081861369224356e+01 7.542338202309552742e+01 8.098099127157033195e+01 9.443129292397544816e+01 1.003874690137984089e+02
3.561236068538733690e+01 4.113993415402552500e+01 4.437071349862881675e+01 5.678379101842824639e+01 6.247420832268314683e+01 7.521152671223204322e+01 8.084343714052823771e+01 9.436163044148855761e+01 1.003432388563129791e+02
3.467234121907364397e+01 4.069749900608173476e+01 4.422701406269264623e+01 5.667148736174678447e+01 6.229840109180615570e+01 7.514086891815080094e+01 8.079514758059973190e+01 9.435469556615215936e+01 1.003414154303300023e+02
4.184870471180065010e+01 4.615545422247488716e+01 4.877605406893994200e+01 5.816428203355047799e+01 6.296725690932423447e+01 7.525657365642371133e+01 8.084382436321725152e+01 9.437222167454423527e+01 1.003474426581701806e+02
