6.363923337091319263e+04 2.996337385211529181e+04 8.504919317171656076e+03 9.744056260324836103e+02 5.301849842911283304e+02 5.788282255871443738e+01 3.691873013381469804e+01 1.348568403903308521e+01 9.974026150261085633e+00
2.610674313199519020e+04 2.519696286608310402e+03 9.979527542350407430e+02 2.300704827249462028e+02 1.408413453981297891e+02 5.918282657968178029e+01 4.218508391691433701e+01 2.320312554914125514e+01 1.967977140673689007e+01
5.315254237288135482e+04 9.465106140380294164e+03 4.135475504956152690e+03 1.000870584355368578e+03 5.925789065928182708e+02 2.227217363204749745e+02 1.515159648996603892e+02 7.153177707450136324e+01 5.218834066538470040e+01
4.714214130616335751e+04 4.874653494417049842e+03 2.042028571325213079e+03 4.018060201145027577e+02 2.366677343995009153e+02 8.004484371700868905e+01 5.574949231103808245e+01 2.752162205950059004e+01 2.192463902492529471e+01
4.537620578778134950e+04 8.989250736523608794e+03 3.658825893349062426e+03 6.434851799371425614e+02 3.507873575361364260e+02 1.129652250899351174e+02 7.467702859828037276e+01 3.484006792973845279e+01 2.700708376171817804e+01
1.895691305369916518e+04 1.859980822901804686e+03 8.210725667681467712e+02 1.808972178976979706e+02 1.067422253167113411e+02 4.148448733866225524e+01 2.918631814813721448e+01 1.653954305351644294e+01 1.342292252701830435e+01
1.773309876853480819e+04 1.133441628197894488e+03 4.335177545058260193e+02 7.147547576243420053e+01 3.906880207901839697e+01 1.456227576009517399e+01 1.127380427283333297e+01 6.824303384097914815e+00 5.830375849155386092e+00
8.505175609094607353e+03 5.059937055559091164e+02 2.067265981411159430e+02 4.099483650106223820e+01 2.424092927684834820e+01 1.003914766057074104e+01 7.500841532550766466e+00 4.681484051343758779e+00 4.021715725998558533e+00
3.584227570004444715e+04 6.337843148262504656e+03 1.709447264181798346e+03 2.097340092122750548e+02 9.341615367327977992e+01 2.099549940224866873e+01 1.302913912677623820e+01 6.091909416993541271e+00 4.931964783003509822e+00
1.558131831732361752e+04 1.764601067238528231e+03 6.074347482204060498e+02 1.107264698405325447e+02 5.498739726027397268e+01 1.534879475334863663e+01 1.009059458374536611e+01 5.152703049526086154e+00 4.294291653366189898e+00
1.356108108108108172e+04 1.281671113129363675e+03 4.661733615221987179e+02 8.748201866989765563e+01 4.453341098489226368e+01 1.358033955227462464e+01 9.293448489249090727e+00 4.938996377526845727e+00 4.168512286410822831e+00
1.654299279057499734e+04 2.818566749221059581e+03 1.064169126879093255e+03 1.170874496889864673e+02 5.675034312804899628e+01 1.579653100925527553e+01 1.093750360277082656e+01 5.717687189454392360e+00 4.729232861341963634e+00
