2.680256962776184082e-03 1.468035043217241764e-03 1.390332821756601334e-03 1.186101231724023819e-03 6.786505109630525112e-04 1.501349179306998849e-04 8.301272464450448751e-05 1.771254392224363983e-05 9.208760275214444846e-06
5.739127285778522491e-03 2.626089379191398621e-03 1.657597254961729050e-03 5.163268069736659527e-04 2.966763277072459459e-04 7.717875996604561806e-05 4.200010516797192395e-05 9.695826520328409970e-06 5.071083251095842570e-06
2.896080026403069496e-03 1.334697008132934570e-03 8.494187495671212673e-04 2.718956384342163801e-04 1.641895505599677563e-04 4.776757123181596398e-05 2.746015343291219324e-05 7.367340003838762641e-06 4.016997081635054201e-06
4.955851007252931595e-03 2.774104243144392967e-03 1.832154695875942707e-03 6.041131564415991306e-04 3.323350101709365845e-04 7.980908412719145417e-05 4.288329364499077201e-05 9.651100299379322678e-06 5.021129709348315373e-06
3.081078408285975456e-03 1.621191273443400860e-03 1.088589429855346680e-03 3.900998854078352451e-04 2.383479150012135506e-04 6.736604700563475490e-05 3.738661689567379653e-05 8.993752999231219292e-06 4.751972028316231444e-06
8.440288715064525604e-03 4.968621768057346344e-03 3.276389557868242264e-03 8.004591218195855618e-04 4.236778768245130777e-04 9.925424819812178612e-05 5.178691571927629411e-05 1.122113462770357728e-05 5.757562576036434621e-06
1.174032781273126602e-02 7.771973963826894760e-03 4.922280553728342056e-03 1.263313111849129200e-03 7.137591601349413395e-04 1.515367184765636921e-04 7.818516314728185534e-05 1.711793629510793835e-05 8.801391231827437878e-06
1.770600490272045135e-02 1.035927701741456985e-02 6.353333126753568649e-03 1.507290755398571491e-03 8.008718723431229591e-04 1.783037732820957899e-04 9.069070802070200443e-05 1.868237268354278058e-05 9.467251402384135872e-06
7.107782177627086639e-03 6.112577393651008606e-03 5.232309456914663315e-03 1.371983322314918041e-03 7.185534341260790825e-04 1.693678204901516438e-04 8.932035416364669800e-05 1.898608206829521805e-05 9.563713319948874414e-06
1.657226867973804474e-02 8.770074695348739624e-03 6.045946851372718811e-03 1.448139664717018604e-03 7.521242368966341019e-04 1.735496189212426543e-04 9.074613626580685377e-05 1.913896630867384374e-05 9.612537724024150521e-06
1.846642978489398956e-02 9.228371083736419678e-03 6.146803032606840134e-03 1.466984860599040985e-03 7.675027591176331043e-04 1.749671646393835545e-04 9.125204815063625574e-05 1.915425309562124312e-05 9.614555892767384648e-06
8.082854561507701874e-03 4.922971129417419434e-03 3.640803974121809006e-03 1.235338277183473110e-03 7.106195553205907345e-04 1.726518821669742465e-04 9.074209083337336779e-05 1.911564322654157877e-05 9.607886568119283766e-06
