4.602283144095004985e+01 4.649160262925740739e+01 4.809873444452713187e+01 6.220713874204616900e+01 6.671003312949079600e+01 7.840307227050534777e+01 8.415200221771100075e+01 9.767810099899702436e+01 1.035134396956980964e+02
4.399035502697033451e+01 5.259891920040637814e+01 5.659573810745611411e+01 6.714150633791410883e+01 7.200112728519739846e+01 8.380486332954291129e+01 8.916991362946265554e+01 1.020248481443906883e+02 1.077127075447978939e+02
4.928110643426447268e+01 5.837513438629336804e+01 6.236394478211895631e+01 7.213245597479090065e+01 7.675407008136241416e+01 8.787902234457482109e+01 9.268397442319469803e+01 1.044362940148943864e+02 1.098798217522335960e+02
4.312145972221382806e+01 5.046057448009211299e+01 5.500283096358270285e+01 6.626411988116768725e+01 7.143009015215434943e+01 8.366492405188608927e+01 8.909286162184972113e+01 1.020932542244312913e+02 1.077899299908429498e+02
4.738168029412692306e+01 5.546491659564728849e+01 5.931611761124567295e+01 6.904462021822837414e+01 7.371671896247802636e+01 8.536431244106509553e+01 9.057198245581656693e+01 1.031067365668367302e+02 1.087086827841644379e+02
3.737651420388691292e+01 4.700003993203821295e+01 5.204826167064026521e+01 6.421156464574866618e+01 6.953704540361388808e+01 8.209098686120513833e+01 8.771813989679222345e+01 1.009760096382622692e+02 1.062873707569484907e+02
3.433836207352292291e+01 4.298393257289745151e+01 4.821785953748395315e+01 6.038211986828146394e+01 6.577508925641195958e+01 7.866757925990532385e+01 8.362704105261742882e+01 9.794744626059343773e+01 1.039290791198428821e+02
3.004050632480140948e+01 4.038665280395581192e+01 4.608443756581601036e+01 5.871043238044781276e+01 6.437719224650970773e+01 7.777751033484307186e+01 8.363838813353305568e+01 9.732869973023218790e+01 1.032714459895695569e+02
3.812569150215321656e+01 4.297916641760976120e+01 4.701625619099174003e+01 6.011027929185316054e+01 6.549614700241119181e+01 7.791650574875581015e+01 8.357531574873127056e+01 9.720425743212516068e+01 1.031982582262454571e+02
3.339184210691234966e+01 4.091711792143537707e+01 4.642216102701813440e+01 5.958594916942517017e+01 6.495860876840072251e+01 7.775666941939044818e+01 8.346287023628403290e+01 9.716267814172528006e+01 1.031692538007042117e+02
3.277293654269251988e+01 4.084367799658302545e+01 4.637268855879763407e+01 5.943607594265188254e+01 6.482493445260784881e+01 7.770444423960951497e+01 8.343384248197018849e+01 9.716281205375649677e+01 1.031700924214922566e+02
3.815862859858155787e+01 4.456432044215790711e+01 4.883242415530587266e+01 6.027060530616900280e+01 6.526609562492862437e+01 7.776794185823587213e+01 8.346560684056800028e+01 9.717262744175403100e+01 1.031709903020165910e+02
