3.042150841768484781e+01 4.452417772530943552e+01 5.115424164301231968e+01 6.414112447477505441e+01 6.971953517522088362e+01 8.242112578683540391e+01 8.819540202628660097e+01 1.020372633151639832e+02 1.081475674493145078e+02
4.270842655627227913e+01 5.128643207697361106e+01 5.575498831104552977e+01 6.725911856460004401e+01 7.243988205894667942e+01 8.522679386525808809e+01 9.092620842733916220e+01 1.043826817323038227e+02 1.102538479497009973e+02
4.844293761030940004e+01 5.719796494113140994e+01 6.142078502934396766e+01 7.181452695209387116e+01 7.655161438896595882e+01 8.793810948765897706e+01 9.308523375402722877e+01 1.055043978153049267e+02 1.111751264330641504e+02
4.207003676344960041e+01 4.884864596821817884e+01 5.387831294102255697e+01 6.597126531609521294e+01 7.178808514270806995e+01 8.504787954900061209e+01 9.082753739014037819e+01 1.043471340322075207e+02 1.101954126538965539e+02
4.536431136284384280e+01 5.414253857623126720e+01 5.823703709625824843e+01 6.904300476578319490e+01 7.413599540786958642e+01 8.643831568204332427e+01 9.188716029306077360e+01 1.050872935193507089e+02 1.108968957684255940e+02
3.522373365457914929e+01 4.639889893662424214e+01 5.193910707159807316e+01 6.524906126271058326e+01 7.092164868128843125e+01 8.437131726286308719e+01 9.015434619236201286e+01 1.038133213844429292e+02 1.097407417096121378e+02
3.196543476686745322e+01 4.507782822965132397e+01 5.078329406732426321e+01 6.359500905104619051e+01 6.935679496681574108e+01 8.278484521875304836e+01 8.861320180877250152e+01 1.024581043406829224e+02 1.084489784978606224e+02
3.102717469218170976e+01 4.410339056018315063e+01 4.974474671325499742e+01 6.272040371579929285e+01 6.847516228263147298e+01 8.198894169351368078e+01 8.794067748887198377e+01 1.017043644264563227e+02 1.078667527271003905e+02
3.386404842006011506e+01 4.523226505823017618e+01 5.059810485856397122e+01 6.335408907538954537e+01 6.881921819552457009e+01 8.194577017757674753e+01 8.780480642941684266e+01 1.023538813265276417e+02 1.083563267844260736e+02
3.143321418286378233e+01 4.477811553680047041e+01 5.033800157852574841e+01 6.301672594346204903e+01 6.852767215349881269e+01 8.184724641044815030e+01 8.775084874260062406e+01 1.016410709616730088e+02 1.076683561499410047e+02
3.141174040844350657e+01 4.472030497671787685e+01 5.017107901366365752e+01 6.290347420650000743e+01 6.848146973968886186e+01 8.184079313318949289e+01 8.774951605815326161e+01 1.016416931633526843e+02 1.076608931855251683e+02
3.592572241961666180e+01 4.576035082940896359e+01 5.091098626491160672e+01 6.318739170356514734e+01 6.859264544748491232e+01 8.186591662420346438e+01 8.777121301901871675e+01 1.016277158283042752e+02 1.076714528041833177e+02
