3.329135183279453258e+01 4.343278340980874219e+01 5.053432030506951378e+01 6.251885880996853473e+01 6.777058930512373536e+01 8.019102006815296591e+01 8.580200597768298110e+01 9.941351201597619536e+01 1.053740359372379629e+02
4.399487947901778995e+01 5.251026756421889985e+01 5.673827116653726677e+01 6.748395904428775793e+01 7.244960074558063923e+01 8.451970887653145326e+01 8.999762075421287477e+01 1.030288784301058911e+02 1.087574286443145866e+02
4.914377242769261755e+01 5.838738312728381885e+01 6.238363407600330390e+01 7.247335210786552295e+01 7.717887892103345848e+01 8.820371875300786257e+01 9.306473294733251578e+01 1.051804635059450419e+02 1.105081662922551544e+02
4.277722511701612973e+01 4.964062667374535920e+01 5.424486044218740233e+01 6.603523132221093306e+01 7.137967307598916022e+01 8.331578829955097376e+01 8.898178458273750380e+01 1.025224802499638344e+02 1.083546357912781986e+02
4.645323044629876108e+01 5.515363646414085963e+01 5.910936498198176992e+01 6.953680666574419433e+01 7.443051089109735585e+01 8.621689839182741366e+01 9.147929120769606470e+01 1.041868735232644525e+02 1.098199842837107099e+02
3.670289441067480851e+01 4.643292984368551402e+01 5.165719597381574602e+01 6.441431938144583569e+01 6.898464796900572082e+01 8.245869229339925255e+01 8.828562309384118123e+01 1.018582386816132015e+02 1.077790648748784008e+02
3.188111099826670980e+01 4.459007002237753881e+01 4.842783642643620112e+01 6.139264875347030426e+01 6.679892859032666763e+01 8.050925502077947726e+01 8.620304230068791185e+01 9.989030209194665133e+01 1.058439164305417677e+02
2.889050167995981155e+01 4.224101568715460786e+01 4.761691032237392562e+01 6.042957814526785398e+01 6.616727164167258479e+01 7.961886121100394575e+01 8.547857456231297135e+01 9.919297198954460271e+01 1.051588598331019995e+02
3.113890388021120614e+01 4.297221913030958262e+01 4.850963854553018706e+01 6.155968389080396008e+01 6.688793929011504247e+01 7.962227141858222978e+01 8.534954282546050308e+01 9.910445114123483279e+01 1.051110500617498076e+02
3.137525293582458019e+01 4.253703060602423136e+01 4.824561318423990031e+01 6.111123820357364167e+01 6.648019378382305433e+01 7.947863139112142505e+01 8.526566490889211991e+01 9.907902414878876129e+01 1.050892994925093831e+02
3.112677103420361746e+01 4.247229945648313532e+01 4.817986142477317202e+01 6.095383630200466030e+01 6.638592581019497629e+01 7.944147163399583178e+01 8.524711006599522989e+01 9.907069891754490243e+01 1.050903654651080217e+02
3.677673048180772497e+01 4.496559350406195676e+01 4.972638204957077335e+01 6.150901589292888616e+01 6.665627043560166953e+01 7.948310936247011682e+01 8.527867924424781165e+01 9.908116231434215138e+01 1.050914521537193878e+02
