1.315497553017944447e+05 3.181602975989178231e+04 1.762788083192805061e+04 8.118276477017775505e+02 2.400009183708611147e+02 3.974551548028260584e+01 2.396498483402120883e+01 1.049903602600773134e+01 7.984902694607601603e+00
1.436664885088188203e+04 1.298040108445952910e+03 6.017095766351463908e+02 1.572818504245367137e+02 1.023176447365630537e+02 4.573799183250145717e+01 3.471961029992962722e+01 2.066714592711909404e+01 1.722207775910893446e+01
5.122787911788728525e+04 5.473161650636053309e+03 2.582262498913535637e+03 6.675638790797344200e+02 4.201691305800921441e+02 1.677476795320372389e+02 1.160679514031251642e+02 5.643188869577735289e+01 4.337045140597079751e+01
3.496964440589765582e+04 2.710731419186607582e+03 1.176659419549705945e+03 2.612692256066798677e+02 1.573934607879822352e+02 6.010628488044974205e+01 4.231630176153000633e+01 2.288608500651272948e+01 1.848100770994718545e+01
5.136305732484076725e+04 5.041035212588299146e+03 2.025316455696202638e+03 4.122311000497323903e+02 2.361194886420201442e+02 8.213007420340463227e+01 5.641043629047417340e+01 2.885743365456279719e+01 2.272782451742327581e+01
8.484210842739692453e+03 9.351578807859249309e+02 4.511811854376412612e+02 1.213081630929455486e+02 7.547788419637674906e+01 3.250421144551551578e+01 2.377974616738636016e+01 1.405872551406885052e+01 1.182030918752628956e+01
9.778439898141250524e+03 5.769991505699154004e+02 2.245365711235340882e+02 4.443249390596003678e+01 2.689961366116093799e+01 1.189255340925342175e+01 9.249183806391092943e+00 6.037287178888900208e+00 5.239212835002218682e+00
3.093041095890410816e+03 2.433369860320914313e+02 1.199799523293939387e+02 2.762566403046340113e+01 1.727524190480107791e+01 7.951236809054065269e+00 6.226968363695724484e+00 4.154686650379717960e+00 3.643872691991254964e+00
4.728826338275949092e+04 3.089316987740805416e+03 7.971777917745848754e+02 1.098559347465711795e+02 5.280576956915981413e+01 1.427059158159984520e+01 9.644555055966797852e+00 5.141232333571547741e+00 4.309353467427504469e+00
1.554827158793554554e+04 8.514206936496397020e+02 3.732276842269516237e+02 6.298890664121876881e+01 3.341223517127854592e+01 1.091197622253162969e+01 7.581185691102945157e+00 4.440103939397426203e+00 3.835191999809055563e+00
1.059737919122892708e+04 6.527365025034979453e+02 2.753774561051320688e+02 5.082237019803869771e+01 2.781110931828343524e+01 9.829047736997054585e+00 7.085779316159783292e+00 4.304024329083101286e+00 3.712696779736726072e+00
2.371465781624165174e+04 1.628846464599829233e+03 6.139122112498369006e+02 6.743413291505567031e+01 3.432699466517102138e+01 1.133948693883872672e+01 8.351663998921953436e+00 4.937123007893212900e+00 4.210184825532635067e+00
