2.730121880441090980e+04 4.957362536994914990e+03 2.946845276005721644e+03 7.694834803969012000e+02 3.252579683823071832e+02 4.775781589213068656e+01 3.135789902076560764e+01 1.250309542868863311e+01 9.130384865584812104e+00
3.423788439376478345e+04 2.417245484365498669e+03 1.015734089567708452e+03 2.305231652339964512e+02 1.414369956665376264e+02 5.758468717400250370e+01 4.278378363629418146e+01 2.416275133469151726e+01 1.991058788754934028e+01
8.293858360270349658e+04 1.022831050228310414e+04 4.253100465634935972e+03 9.582887700534759006e+02 5.868861390153272168e+02 2.220527209994575344e+02 1.497226518372773967e+02 7.084773923694343978e+01 5.291124318925217551e+01
7.246213093709884561e+04 5.119303496122976867e+03 2.226394257316399944e+03 4.138543855455959601e+02 2.316682180163408873e+02 8.004160893162715240e+01 5.452004051914575911e+01 2.775552831532970899e+01 2.158522623418716080e+01
6.711211508738556586e+04 8.612624158923421419e+03 3.543636295152359708e+03 6.241327343510724859e+02 3.433960978601011220e+02 1.086356780674981479e+02 7.357534767049850188e+01 3.468318263176712435e+01 2.670616196146086097e+01
1.804545890476647037e+04 1.940287220805290644e+03 8.328353848809571218e+02 1.769460444339955245e+02 1.067444658739372159e+02 4.024050488260441227e+01 2.956802027521390386e+01 1.628291237172209094e+01 1.340586770326550692e+01
8.380918444612712847e+03 9.403376673135708188e+02 3.777908657707340581e+02 6.511683493053074301e+01 3.683295327817395304e+01 1.426870967114072108e+01 1.078421563601606259e+01 6.667968571150064250e+00 5.683898056920058117e+00
5.910971025267809637e+03 4.489920586438607302e+02 1.891803124853375948e+02 3.877355018532971087e+01 2.308286252030607244e+01 9.705553673312556029e+00 7.336979154806204662e+00 4.567622589178809811e+00 3.940435866600050741e+00
1.633947954959909657e+04 2.946245426503056024e+03 1.192171307041979844e+03 1.801866218583533055e+02 8.002105996433584778e+01 1.908948099526645237e+01 1.207458210625991590e+01 5.790678304595095582e+00 4.724811178932712075e+00
7.815792753001121127e+03 1.536029257700146673e+03 6.078946178151202275e+02 9.562023480554186960e+01 4.907276997651987216e+01 1.472830673159910120e+01 9.574368048966054090e+00 5.003171919527425793e+00 4.184696651526548017e+00
1.472761427676894164e+04 1.240045781168649910e+03 4.373894864733767918e+02 7.492321922965582814e+01 4.021143487034077424e+01 1.281345296339360829e+01 8.852425882731829176e+00 4.817328619233184561e+00 4.080078803460801318e+00
3.960151536410832341e+04 2.585171717356757199e+03 1.003834088532589703e+03 1.160434941080914086e+02 5.166021874873876385e+01 1.501333295034014625e+01 1.050199901331665231e+01 5.595267391839674254e+00 4.677609085460137095e+00
