1.502875399361022282e+05 4.491049407271859673e+04 7.742041667238139780e+03 3.867896214740598566e+02 1.371537867935054180e+02 3.048033581502635059e+01 1.945475538974408281e+01 9.099281987213032608e+00 7.139433652738923719e+00
7.667377514567854632e+03 8.716707021791767147e+02 4.386351397659959730e+02 1.265443951176568333e+02 8.324593061187410115e+01 3.991341628311543133e+01 3.041941971270871292e+01 1.885181719588436877e+01 1.596800786089457347e+01
3.124024572472189902e+04 3.741648106904231554e+03 1.791147072822465589e+03 5.259862241703193604e+02 3.422532521274112582e+02 1.380357971660210126e+02 9.855259604068157842e+01 5.027277845003487755e+01 3.867021006580471010e+01
1.657846045405151381e+04 1.740878951426368531e+03 8.211418421868022506e+02 2.034741421882265513e+02 1.254342857714259623e+02 5.082620038045816813e+01 3.734350400459596386e+01 2.050674712232371988e+01 1.681409631783265013e+01
2.849182313749242894e+04 3.180527383367139919e+03 1.310050964992898344e+03 3.063916263376951861e+02 1.836533906642859790e+02 6.845024370120246715e+01 4.882511116431560083e+01 2.563001559604247603e+01 2.045978999573971890e+01
5.454281932111350216e+03 6.664093019631732204e+02 3.493365464770218978e+02 9.632450546407105207e+01 6.187785612872277596e+01 2.722026497805351752e+01 2.126629066884232344e+01 1.278017623683716941e+01 1.086918346183493256e+01
4.639358274705766235e+03 3.530983681210623217e+02 1.544028105863083624e+02 3.459509283856205286e+01 2.210414998680752419e+01 1.040278082725917841e+01 8.297566053170864819e+00 5.613036276752758624e+00 4.883821535671688530e+00
1.723966270756281574e+03 1.678068722693257371e+02 8.412473494926108231e+01 2.184556054037266648e+01 1.439477968908010297e+01 7.038937702994662260e+00 5.600287014709503630e+00 3.859138861001909948e+00 3.417805486603486820e+00
3.302597706529370771e+04 1.601125507726519800e+03 5.421520115560746262e+02 7.183319854852348385e+01 3.833603098611846605e+01 1.161386467642071096e+01 8.187693711270165764e+00 4.703372099824673747e+00 4.012220612143691412e+00
8.982384672915042756e+03 5.220769131166645138e+02 2.424438171844425085e+02 4.564269454907462631e+01 2.555641732604484062e+01 9.126855580138126811e+00 6.618395107424579038e+00 4.116813774009386862e+00 3.594786779687625611e+00
5.493081100017516292e+03 4.360417286248942901e+02 1.661388004206447988e+02 3.698498225476957657e+01 2.163432766233248117e+01 8.401471757820432984e+00 6.202736045242173368e+00 3.996839064479660308e+00 3.514189608222332062e+00
1.278753143193711367e+04 1.036290737123470763e+03 3.530871039514004792e+02 4.757197359472299070e+01 2.590054380221616626e+01 9.838325573039153227e+00 7.232858025254985890e+00 4.560532930848204991e+00 3.954106641096104546e+00
