8.043588139116764069e-03 1.775347045622766018e-03 9.939107112586498260e-04 4.759409057442098856e-04 4.480556817725300789e-04 3.914712578989565372e-04 2.572497760411351919e-04 5.617299029836431146e-05 2.876618418667931110e-05 5.766650247096549720e-06
4.094894044101238251e-03 3.258110024034976959e-03 2.785711782053112984e-03 1.177275553345680237e-03 7.143775583244860172e-04 1.993281912291422486e-04 1.088217177311889827e-04 2.513538856874220073e-05 1.299580435443203896e-05 2.739528781603439711e-06
1.972655300050973892e-03 1.484741340391337872e-03 1.295501715503633022e-03 5.748614203184843063e-04 3.580803168006241322e-04 1.077038104995153844e-04 6.389761983882635832e-05 1.804191379051189870e-05 1.010529831546591595e-05 2.576389761088648811e-06
3.667999524623155594e-03 2.469277009367942810e-03 2.204219577834010124e-03 1.192250405438244343e-03 7.721094880253076553e-04 2.297533646924421191e-04 1.251426001545041800e-04 2.727264654822647572e-05 1.392623289575567469e-05 2.867306875486974604e-06
2.821680391207337379e-03 1.703286310657858849e-03 1.390877412632107735e-03 7.157022482715547085e-04 4.771555541083216667e-04 1.587807346368208528e-04 9.444728493690490723e-05 2.513227809686213732e-05 1.346292629023082554e-05 2.928843969129957259e-06
6.172943860292434692e-03 4.693014547228813171e-03 4.090736154466867447e-03 2.073632786050438881e-03 1.250892411917448044e-03 3.030537045560777187e-04 1.554474729346111417e-04 3.296426802990026772e-05 1.663125112827401608e-05 3.429741582294809632e-06
8.503315970301628113e-03 5.200085230171680450e-03 5.008204840123653412e-03 3.114497987553477287e-03 1.935352105647325516e-03 4.601457039825618267e-04 2.434602502034977078e-04 4.911495489068329334e-05 2.520591988286469132e-05 5.422024969448102638e-06
1.276907604187726974e-02 9.170245379209518433e-03 8.622054941952228546e-03 4.233415704220533371e-03 2.507049124687910080e-03 5.415662308223545551e-04 2.731523127295076847e-04 5.647526631946675479e-05 2.859088272089138627e-05 5.747967861680081114e-06
8.569670841097831726e-03 3.033269895240664482e-03 2.601196290925145149e-03 2.209085505455732346e-03 1.844250364229083061e-03 5.389758734963834286e-04 2.825458650477230549e-04 5.762917862739413977e-05 2.881308864743914455e-05 5.727842562919249758e-06
9.775265119969844818e-03 5.242827814072370529e-03 4.992757923901081085e-03 3.390180412679910660e-03 2.252290258184075356e-03 5.652898107655346394e-04 2.873141784220933914e-04 5.773066732217557728e-05 2.884676905523519963e-05 5.750405307480832562e-06
1.018136925995349884e-02 5.924034863710403442e-03 5.667698103934526443e-03 3.680059453472495079e-03 2.341080922633409500e-03 5.685145151801407337e-04 2.880428219214081764e-04 5.769296694779768586e-05 2.881083491956815124e-05 5.736388629884459078e-06
7.940440438687801361e-03 3.435963764786720276e-03 3.046645782887935638e-03 2.180063398554921150e-03 1.591911539435386658e-03 5.085133016109466553e-04 2.748071856331080198e-04 5.761756983702071011e-05 2.883198249037377536e-05 5.764784873463213444e-06
