2.625634597727693276e+01 4.052956465970722633e+01 4.668118946645029865e+01 6.152779979562238566e+01 6.631321421773579061e+01 7.825073711442254876e+01 8.400586318927688012e+01 9.764465458023330768e+01 1.038410604539717639e+02
4.346421530232603914e+01 5.228280062385385918e+01 5.642642916743169934e+01 6.716160271338939936e+01 7.199794224506526064e+01 8.381649331826324101e+01 8.916726579106862971e+01 1.020104520546184546e+02 1.076986163293974954e+02
4.795138902041595941e+01 5.777336808053867401e+01 6.176500187576487377e+01 7.175630859680545370e+01 7.646545897881451026e+01 8.758217882108034757e+01 9.241834483479826190e+01 1.044827405749504265e+02 1.098897707314632299e+02
4.199355747977890729e+01 4.989199806309039786e+01 5.492022731888626197e+01 6.622300888661709450e+01 7.142155459862246403e+01 8.364900932021562596e+01 8.906129030408257563e+01 1.020615250099826454e+02 1.077577834664067069e+02
4.348419277804566718e+01 5.330829011558013519e+01 5.749912642421903541e+01 6.842120211227938853e+01 7.350195468779746477e+01 8.536487442351138100e+01 9.056222403587291581e+01 1.031151188021554788e+02 1.087083103192140925e+02
3.513229415744771700e+01 4.712282418121314720e+01 5.205224011923370142e+01 6.416313037936203045e+01 6.950046025685392692e+01 8.207018668560797892e+01 8.770679512116481646e+01 1.009511935970662222e+02 1.067781428033665918e+02
2.884436227487186954e+01 4.229528251441856668e+01 4.785553945082494209e+01 6.018941998897103929e+01 6.518821004345844017e+01 7.826286019873676025e+01 8.372122447628653674e+01 9.768949201150915940e+01 1.037678590836474513e+02
2.739986783800604542e+01 4.061650008008024315e+01 4.613215306252947556e+01 5.839996119014688247e+01 6.428460493871075698e+01 7.774540574081228783e+01 8.361907584663150317e+01 9.732698412616527150e+01 1.032693756315064917e+02
2.607303184165982302e+01 4.039674519728017543e+01 4.647356582288287541e+01 5.992787878630615239e+01 6.536701615019842393e+01 7.790603211730116584e+01 8.357436197268694400e+01 9.834546503537424655e+01 1.043140623466326815e+02
2.463847623958934108e+01 4.025014294283745642e+01 4.613589767487263771e+01 5.946787227021027888e+01 6.493414815397974849e+01 7.775592358458476383e+01 8.346350016273505901e+01 9.716322349001933389e+01 1.031705111932543559e+02
2.863553427612954394e+01 4.025191317040349759e+01 4.614976162168711937e+01 5.934305179076218195e+01 6.480332778585048459e+01 7.770190115905303685e+01 8.343221729306503676e+01 9.716112605248605405e+01 1.031694751113517441e+02
3.517872055702353862e+01 4.316662659486348019e+01 4.787298036043299732e+01 6.010041470959304633e+01 6.521515971095516306e+01 7.776641899487773912e+01 8.346448704519447404e+01 9.717270160539774793e+01 1.031728284584783637e+02
