4.866118729114532471e-02 9.408529847860336304e-03 4.633834585547447205e-03 8.387065026909112930e-04 4.834363353438675404e-04 1.223103317897766829e-04 6.305315764620900154e-05 1.311496907874243334e-05 6.426092568290187046e-06
6.711030844599008560e-03 2.431419910863041878e-03 1.508962828665971756e-03 4.384497879073023796e-04 2.512481587473303080e-04 6.444293831009417772e-05 3.480460509308613837e-05 7.933729648357257247e-06 4.121631718589924276e-06
4.003414418548345566e-03 1.292205532081425190e-03 8.161122677847743034e-04 2.583357854746282101e-04 1.502197555964812636e-04 4.177255686954595149e-05 2.393771865172311664e-05 5.968469395156716928e-06 3.202664629498030990e-06
7.949176244437694550e-03 3.201843472197651863e-03 1.794686657376587391e-03 4.884831141680479050e-04 2.684863866306841373e-04 6.569760444108396769e-05 3.523185296216979623e-05 7.887216270319186151e-06 4.093651114089880139e-06
6.695613265037536621e-03 2.160655334591865540e-03 1.333655556663870811e-03 3.792624920606613159e-04 2.113013470079749823e-04 5.392079401644878089e-05 2.964072336908429861e-05 6.986248990870080888e-06 3.669310672194114886e-06
1.751399785280227661e-02 4.404116421937942505e-03 2.496824366971850395e-03 6.192178698256611824e-04 3.349476901348680258e-04 7.879354961914941669e-05 4.117752541787922382e-05 8.962730134953744709e-06 4.582398560160072520e-06
3.612283989787101746e-02 7.677783723920583725e-03 4.047837108373641968e-03 9.784282883629202843e-04 5.502873100340366364e-04 1.221397396875545382e-04 6.515365384984761477e-05 1.304744273511460051e-05 6.480478077719453722e-06
4.265860095620155334e-02 9.314831346273422241e-03 4.936195444315671921e-03 1.202269806526601315e-03 6.106182117946445942e-04 1.296372211072593927e-04 6.592440331587567925e-05 1.360350415779976174e-05 6.863272119517205283e-06
4.969908669590950012e-02 9.553505107760429382e-03 4.745934158563613892e-03 1.008337829262018204e-03 5.390750011429190636e-04 1.272618974326178432e-04 6.626464892178773880e-05 1.209836682392051443e-05 6.085508630349067971e-06
5.862409994006156921e-02 9.716119617223739624e-03 4.934067837893962860e-03 1.063178991898894310e-03 5.666209035553038120e-04 1.294803369091823697e-04 6.711583409924060106e-05 1.386241274303756654e-05 6.941837455087807029e-06
3.700183704495429993e-02 9.714139625430107117e-03 4.926198627799749374e-03 1.078567700460553169e-03 5.752195138484239578e-04 1.302881573792546988e-04 6.735799252055585384e-05 1.386576059303479269e-05 6.942665550013771281e-06
1.742063462734222412e-02 6.944942753762006760e-03 4.039717372506856918e-03 9.885058971121907234e-04 5.485825822688639164e-04 1.293239765800535679e-04 6.710820889566093683e-05 1.384729421260999516e-05 6.939985723874997348e-06
